169.910000000,-204.039999999,15.0
174.830000000,-200.350000000,15.0
179.0,-196.420000000,15.0
180.480000000,-193.230000000,15.0
176.790000000,-186.840000000,15.0
176.550000000,-181.680000000,15.0
175.560000000,-172.830000000,15.0
172.860000000,-163.0,15.0
170.650000000,-154.160000000,15.0
168.190000000,-148.260000000,15.0
166.720000000,-139.910000000,15.0
167.460000000,-128.359999999,15.0
167.460000000,-114.840000000,15.0
165.980000000,-108.210000001,15.0
163.280000000,-107.960000001,15.0
162.540000000,-99.6099999994,15.0
160.080000000,-93.9600000009,15.0
158.360000000,-83.1500000004,15.0
156.640000000,-74.3000000007,15.0
154.190000000,-67.1699999999,15.0
150.75,-59.5600000005,15.0
145.100000000,-51.6899999995,15.0
140.180000000,-47.2699999996,15.0
134.530000000,-41.8699999992,15.0
127.650000000,-38.9199999999,15.0
119.540000000,-36.4600000009,15.0
108.240000000,-36.4600000009,15.0
103.320000000,-37.4399999995,15.0
93.25,-38.4299999997,15.0
83.6700000000,-39.6500000004,15.0
78.75,-42.5999999996,15.0
76.3000000000,-46.5299999993,15.0
73.5900000000,-54.4000000004,15.0
70.1500000000,-68.6500000004,15.0
68.4300000001,-76.0199999996,15.0
67.2000000000,-88.3100000005,15.0
68.1899999999,-98.3800000008,15.0
69.9100000000,-106.0,15.0
72.8600000000,-112.630000001,15.0
75.8000000000,-118.279999999,15.0
77.0300000000,-123.199999999,15.0
79.2400000000,-134.990000000,15.0
81.4600000000,-143.350000000,15.0
83.4200000000,-151.699999999,15.0
85.8800000000,-158.090000000,15.0
89.8100000001,-163.990000000,15.0
93.25,-167.920000000,15.0
100.620000000,-174.550000001,15.0
104.550000000,-182.420000000,15.0
105.290000000,-191.020000000,15.0
103.820000000,-198.630000001,15.0
98.6600000000,-204.039999999,15.0
92.5100000000,-210.670000000,15.0
86.8600000000,-218.039999999,15.0
82.1899999999,-223.699999999,15.0
79.2400000000,-232.789999999,15.0
80.9600000000,-239.910000000,15.0
90.3000000000,-251.949999999,15.0
99.4700000000,-258.350000000,15.0
106.690000000,-257.960000001,15.0
111.480000000,-258.680000000,15.0
113.190000000,-259.670000000,15.0
114.870000000,-261.779999999,15.0
117.980000000,-263.539999999,15.0
122.970000000,-263.010000000,15.0
127.650000000,-258.830000000,15.0
131.830000000,-254.160000000,15.0
131.580000000,-254.410000000,15.0
136.990000000,-244.580000000,15.0
140.920000000,-236.960000001,15.0
144.600000000,-229.100000000,15.0
148.290000000,-222.470000001,15.0
152.960000000,-214.850000000,15.0
157.380000000,-210.180000000,15.0
162.540000000,-207.970000001,15.0
-29.0050000000,-221.190146277,20.0
-27.9399999999,-220.060000001,20.0
-25.4600000000,-215.869999999,20.0
-24.4900000000,-211.300000001,20.0
-24.3500000000,-206.180000000,20.0
-25.6700000000,-201.590000000,20.0
-26.6500000000,-196.470000001,20.0
-28.0900000000,-191.220000001,20.0
-29.0050000000,-188.502395210,20.0
176.260000000,-221.680000000,5.0
182.350000000,-218.779999999,5.0
187.700000000,-215.480000000,5.0
191.820000000,-212.800000001,5.0
196.150000000,-209.710000001,5.0
199.450000000,-206.830000000,5.0
203.280000000,-202.510000000,5.0
209.75,-196.109999999,5.0
214.490000000,-191.170000000,5.0
218.400000000,-186.430000000,5.0
222.450000000,-182.439999999,5.0
226.75,-180.800000001,5.0
231.460000000,-179.779999999,5.0
235.970000000,-179.160000000,5.0
239.860000000,-178.550000001,5.0
245.770000000,-177.890000001,5.0
251.060000000,-177.760000000,5.0
257.960000000,-176.910000000,5.0
261.770000000,-176.439999999,5.0
265.270000000,-175.970000001,5.0
272.380000000,-174.890000001,5.0
277.380000000,-173.900000000,5.0
278.004963975,-173.761527590,5.0
174.080000000,-212.359999999,10.0
175.820000000,-211.689999999,10.0
179.520000000,-209.449999999,10.0
184.100000000,-205.990000000,10.0
187.980000000,-202.609999999,10.0
190.75,-198.369999999,10.0
191.110000000,-195.869999999,10.0
194.240000000,-193.279999999,10.0
197.760000000,-190.980000000,10.0
200.490000000,-189.830000000,10.0
203.390000000,-188.770000000,10.0
206.380000000,-186.680000000,10.0
209.450000000,-181.939999999,10.0
211.180000000,-177.210000001,10.0
214.170000000,-173.430000000,10.0
217.880000000,-171.920000000,10.0
221.430000000,-169.939999999,10.0
226.550000000,-168.510000000,10.0
231.050000000,-166.670000000,10.0
235.360000000,-165.230000000,10.0
238.610000000,-164.189999999,10.0
244.170000000,-162.980000000,10.0
249.490000000,-162.160000000,10.0
254.820000000,-161.140000001,10.0
260.140000000,-160.730000000,10.0
265.350000000,-160.380000001,10.0
270.410000000,-160.529999999,10.0
274.360000000,-161.170000000,10.0
278.004963975,-161.941603748,10.0
228.473404437,42.8849999998,5.0
227.540000000,39.3100000005,5.0
226.870000000,33.3399999999,5.0
223.440000000,28.0500000007,5.0
220.030000000,22.4700000007,5.0
216.680000000,16.3300000001,5.0
213.020000000,11.4299999997,5.0
209.820000000,6.17999999970,5.0
206.840000000,0.88000000082,5.0
205.440000000,-4.56000000052,5.0
205.310000000,-5.19999999925,5.0
203.340000000,-11.2200000007,5.0
199.160000000,-15.6899999995,5.0
194.080000000,-19.0800000001,5.0
192.880000000,-19.0800000001,5.0
188.0,-18.8200000003,5.0
183.930000000,-13.7699999996,5.0
183.100000000,-7.81000000052,5.0
185.710000000,-2.13000000082,5.0
187.820000000,3.78999999911,5.0
189.670000000,10.5399999991,5.0
189.5,16.5500000007,5.0
186.630000000,22.0199999996,5.0
182.420000000,26.8399999999,5.0
178.850000000,31.8300000001,5.0
174.240000000,37.1600000001,5.0
167.870000000,39.1099999994,5.0
161.820000000,40.3000000007,5.0
155.350000000,41.5399999991,5.0
149.340000000,41.6799999997,5.0
143.230000000,42.1300000008,5.0
137.090000000,42.2899999991,5.0
130.870000000,41.1300000008,5.0
124.5,40.9199999999,5.0
119.370000000,40.0700000003,5.0
113.820000000,40.0800000001,5.0
108.280000000,40.1899999995,5.0
102.490000000,40.3200000003,5.0
96.7200000000,40.4399999995,5.0
90.5900000000,40.6099999994,5.0
85.4300000001,40.8499999996,5.0
79.7700000000,40.6400000006,5.0
74.7100000000,40.4000000004,5.0
68.8300000000,40.25,5.0
63.3500000000,40.2599999998,5.0
52.5300000000,40.6400000006,5.0
47.2700000000,40.9399999995,5.0
41.9000000000,40.5399999991,5.0
38.1700000000,37.1099999994,5.0
36.8400000000,31.3100000005,5.0
36.5400000000,25.0800000001,5.0
37.25,19.5500000007,5.0
39.5699999999,14.2599999998,5.0
40.8800000000,9.16999999993,5.0
45.5600000001,6.98000000045,5.0
50.5699999999,7.19999999925,5.0
55.9200000000,7.66999999993,5.0
61.2600000000,7.57000000030,5.0
66.6000000000,8.30000000075,5.0
71.7700000000,9.34999999963,5.0
77.4000000000,9.85999999940,5.0
82.6100000000,10.5899999999,5.0
87.8300000000,11.0700000003,5.0
92.8900000000,11.1899999995,5.0
98.0200000000,10.9700000007,5.0
103.200000000,10.6300000008,5.0
108.690000000,10.3499999996,5.0
114.220000000,10.0399999991,5.0
119.970000000,9.74000000022,5.0
125.430000000,9.35999999940,5.0
130.720000000,8.78999999911,5.0
135.940000000,7.36999999918,5.0
141.140000000,6.92999999970,5.0
145.940000000,5.50999999978,5.0
146.190000000,0.720000000671,5.0
151.520000000,-0.480000000447,5.0
157.450000000,-1.85999999940,5.0
162.570000000,-3.24000000022,5.0
163.480000000,-3.67999999970,5.0
163.920000000,-5.16000000015,5.0
163.130000000,-8.91999999993,5.0
163.070000000,-9.08999999985,5.0
158.080000000,-8.33000000007,5.0
152.680000000,-7.88000000082,5.0
147.440000000,-6.43999999948,5.0
142.680000000,-4.72000000067,5.0
137.490000000,-3.65000000037,5.0
132.390000000,-3.21000000089,5.0
126.380000000,-2.88000000082,5.0
120.650000000,-2.58000000007,5.0
115.380000000,-2.16000000015,5.0
109.680000000,-1.72000000067,5.0
104.370000000,-1.43999999948,5.0
99.2700000000,-1.48000000045,5.0
93.6899999999,-1.61999999918,5.0
88.1700000000,-1.92999999970,5.0
82.5500000000,-2.49000000022,5.0
77.2800000000,-2.82000000030,5.0
71.8600000000,-4.16999999993,5.0
64.7900000000,-12.2899999991,5.0
63.0500000000,-17.25,5.0
60.3400000000,-22.3100000005,5.0
59.3000000000,-27.7200000007,5.0
58.4500000000,-33.9700000007,5.0
57.1100000000,-39.5099999998,5.0
55.8500000000,-44.0800000001,5.0
53.8000000000,-48.7699999996,5.0
51.4200000000,-53.2200000007,5.0
48.8500000000,-59.2799999993,5.0
47.9300000001,-64.4600000009,5.0
46.1899999999,-70.4399999995,5.0
45.9399999999,-75.6999999993,5.0
45.5500000000,-80.5600000005,5.0
45.2300000000,-85.9399999995,5.0
46.0400000000,-92.4199999999,5.0
47.1200000000,-98.6300000008,5.0
49.0100000000,-104.570000000,5.0
51.1700000000,-110.510000000,5.0
54.1400000000,-115.630000001,5.0
57.6500000000,-120.220000001,5.0
61.0699999999,-124.260000000,5.0
62.7800000000,-128.5,5.0
63.2300000000,-133.609999999,5.0
62.9600000000,-138.699999999,5.0
62.5600000001,-144.0,5.0
60.4000000000,-149.859999999,5.0
58.2200000000,-154.810000001,5.0
55.8199999999,-160.080000000,5.0
53.6100000000,-166.039999999,5.0
52.0500000000,-171.310000001,5.0
51.8199999999,-176.640000001,5.0
52.7000000000,-181.830000000,5.0
54.1500000000,-187.529999999,5.0
56.1300000000,-192.699999999,5.0
57.7300000000,-197.090000000,5.0
58.5800000000,-202.640000001,5.0
58.5699999999,-208.990000000,5.0
58.8000000000,-215.390000001,5.0
58.3600000000,-221.010000000,5.0
58.3600000000,-225.840000000,5.0
58.5,-231.100000000,5.0
58.5,-235.930000000,5.0
58.6400000000,-241.330000000,5.0
58.0699999999,-246.300000001,5.0
56.0,-250.800000001,5.0
54.4200000000,-256.109999999,5.0
53.4000000000,-261.650000000,5.0
55.2600000000,-265.270000000,5.0
59.8700000000,-267.010000000,5.0
65.8800000000,-267.289999999,5.0
71.4700000000,-268.25,5.0
75.3199999999,-271.340000000,5.0
79.5300000000,-275.210000001,5.0
87.7900000000,-282.119999999,5.0
92.6700000000,-284.820000000,5.0
97.9000000000,-286.0,5.0
104.300000000,-286.0,5.0
109.190000000,-284.650000000,5.0
113.570000000,-281.279999999,5.0
117.780000000,-277.910000000,5.0
121.830000000,-274.369999999,5.0
127.120000000,-270.119999999,5.0
131.170000000,-266.410000000,5.0
135.130000000,-263.240000000,5.0
138.930000000,-259.539999999,5.0
142.440000000,-255.970000001,5.0
146.290000000,-252.600000000,5.0
149.680000000,-248.430000000,5.0
152.680000000,-244.320000000,5.0
156.180000000,-238.550000001,5.0
159.270000000,-234.020000000,5.0
162.980000000,-229.699999999,5.0
166.280000000,-226.600000000,5.0
170.810000000,-224.340000000,5.0
278.004963975,-57.7047948649,10.0
273.780000000,-61.5099999998,10.0
269.0,-65.3699999992,10.0
264.270000000,-69.4399999995,10.0
260.590000000,-71.3100000005,10.0
255.820000000,-73.4600000009,10.0
250.910000000,-76.1600000001,10.0
241.690000000,-83.3000000007,10.0
238.210000000,-87.3599999994,10.0
234.620000000,-91.7699999996,10.0
230.810000000,-95.3900000006,10.0
225.700000000,-97.7400000002,10.0
220.680000000,-99.0500000007,10.0
215.120000000,-99.9000000004,10.0
209.360000000,-100.580000000,10.0
204.110000000,-101.0,10.0
198.760000000,-100.800000001,10.0
193.110000000,-100.960000001,10.0
187.790000000,-102.380000001,10.0
182.870000000,-103.560000001,10.0
177.810000000,-101.680000000,10.0
175.920000000,-96.9800000004,10.0
176.090000000,-91.75,10.0
175.970000000,-86.9499999993,10.0
175.550000000,-82.0500000007,10.0
175.330000000,-76.9000000004,10.0
174.160000000,-71.9000000004,10.0
173.310000000,-66.4100000001,10.0
172.800000000,-61.2899999991,10.0
171.850000000,-55.9299999997,10.0
169.940000000,-51.1300000008,10.0
165.660000000,-48.1400000006,10.0
160.790000000,-45.2400000002,10.0
156.370000000,-42.7400000002,10.0
151.480000000,-39.4600000009,10.0
146.600000000,-36.2599999998,10.0
142.050000000,-33.3100000005,10.0
137.490000000,-30.7300000004,10.0
131.970000000,-28.5700000003,10.0
126.820000000,-27.1300000008,10.0
120.980000000,-25.6500000004,10.0
114.900000000,-24.1199999992,10.0
109.470000000,-22.2699999996,10.0
104.240000000,-21.9700000007,10.0
98.8600000000,-22.0399999991,10.0
93.6000000000,-23.2200000007,10.0
88.2000000000,-24.1699999999,10.0
83.3800000000,-26.1699999999,10.0
77.9900000000,-29.2899999991,10.0
73.9700000000,-33.2300000004,10.0
71.0300000000,-38.0700000003,10.0
69.4000000000,-42.8599999994,10.0
68.4100000000,-46.8800000008,10.0
66.7200000000,-53.2799999993,10.0
65.4800000000,-58.5199999996,10.0
63.8900000000,-64.4600000009,10.0
62.5699999999,-69.7799999993,10.0
61.0800000000,-75.6799999997,10.0
60.4000000000,-80.6400000006,10.0
59.8900000000,-86.9600000009,10.0
59.5400000000,-91.6099999994,10.0
61.1500000000,-100.25,10.0
62.2300000000,-104.840000000,10.0
64.9300000001,-109.430000000,10.0
68.4100000000,-114.279999999,10.0
72.0699999999,-119.580000000,10.0
73.8000000000,-124.560000001,10.0
75.2000000000,-129.910000000,10.0
75.7200000000,-136.080000000,10.0
76.8300000000,-141.080000000,10.0
77.8400000000,-147.480000000,10.0
78.8500000000,-152.580000000,10.0
79.5,-157.830000000,10.0
79.5600000001,-163.859999999,10.0
80.2000000000,-169.220000001,10.0
80.9900000000,-175.150000000,10.0
83.3700000000,-180.210000001,10.0
83.7400000000,-185.730000000,10.0
82.3000000000,-190.050000001,10.0
79.25,-195.010000000,10.0
76.0900000000,-198.970000001,10.0
73.4600000000,-203.260000000,10.0
70.4300000001,-208.310000001,10.0
68.1400000000,-213.330000000,10.0
66.7600000000,-219.050000001,10.0
65.3500000000,-223.949999999,10.0
63.8199999999,-228.840000000,10.0
62.6899999999,-233.75,10.0
62.1899999999,-239.0,10.0
63.1300000000,-244.470000001,10.0
65.4600000000,-249.410000000,10.0
68.1899999999,-253.619999999,10.0
71.2700000000,-257.850000000,10.0
73.8500000000,-262.480000000,10.0
75.9600000000,-267.510000000,10.0
79.0500000000,-271.470000001,10.0
83.3700000000,-275.689999999,10.0
87.8500000000,-279.510000000,10.0
92.3300000000,-282.240000000,10.0
97.7900000000,-283.770000000,10.0
103.300000000,-284.029999999,10.0
108.440000000,-282.400000000,10.0
113.050000000,-278.810000001,10.0
116.600000000,-274.539999999,10.0
121.490000000,-270.330000000,10.0
125.620000000,-266.820000000,10.0
129.990000000,-263.080000000,10.0
133.450000000,-258.529999999,10.0
136.150000000,-254.490000000,10.0
138.570000000,-249.680000000,10.0
140.740000000,-245.070000000,10.0
143.820000000,-240.160000000,10.0
146.160000000,-235.510000000,10.0
148.530000000,-230.359999999,10.0
151.730000000,-225.550000001,10.0
159.830000000,-218.480000000,10.0
165.220000000,-216.109999999,10.0
166.960000000,-215.400000000,10.0
167.380000000,-215.189999999,10.0
-29.0050000000,-156.909240506,15.0
-26.6500000000,-163.070000000,15.0
-24.6300000000,-168.359999999,15.0
-21.9500000000,-173.869999999,15.0
-20.0100000000,-179.369999999,15.0
-18.0600000001,-184.039999999,15.0
-15.8100000001,-190.25,15.0
-14.8100000001,-195.210000001,15.0
-14.1000000000,-198.730000000,15.0
-14.1000000000,-203.420000000,15.0
-15.0400000000,-207.640000001,15.0
-16.6800000001,-212.789999999,15.0
-19.9600000000,-217.010000000,15.0
-23.5900000000,-221.410000000,15.0
-27.7900000000,-224.939999999,15.0
-29.0050000000,-226.248000000,15.0
-29.0050000000,-137.029662921,10.0
-27.4500000000,-139.930000000,10.0
-25.5100000000,-144.609999999,10.0
-22.7000000000,-150.300000001,10.0
-19.6800000001,-157.320000000,10.0
-18.0900000000,-162.170000000,10.0
-15.4900000000,-168.859999999,10.0
-13.3900000000,-175.320000000,10.0
-11.6100000000,-181.140000001,10.0
-9.67000000004,-186.150000000,10.0
-7.98999999999,-192.199999999,10.0
-7.27000000002,-197.350000000,10.0
-7.06000000006,-202.289999999,10.0
-8.01000000001,-206.699999999,10.0
-10.0100000000,-211.740000000,10.0
-13.7000000000,-217.220000001,10.0
-16.7300000000,-221.300000001,10.0
-20.4000000000,-225.609999999,10.0
-25.1300000000,-229.710000001,10.0
-29.0050000000,-233.400476191,10.0
-29.0050000000,-86.8076943004,5.0
-28.1400000000,-89.0800000001,5.0
-26.1800000001,-93.75,5.0
-23.6400000000,-98.6500000004,5.0
-22.4000000000,-103.640000001,5.0
-20.0100000000,-108.410000000,5.0
-18.3600000000,-113.689999999,5.0
-17.2400000000,-119.449999999,5.0
-13.9100000000,-125.490000000,5.0
-8.55000000005,-127.240000000,5.0
-2.52000000002,-127.5,5.0
2.81999999995,-128.520000000,5.0
7.59999999998,-131.220000001,5.0
10.8300000000,-141.550000001,5.0
13.0,-146.340000000,5.0
16.2800000000,-150.880000001,5.0
19.0900000000,-155.050000001,5.0
20.2700000000,-160.050000001,5.0
22.0,-165.789999999,5.0
23.8400000000,-171.060000001,5.0
25.5400000000,-175.789999999,5.0
27.9100000000,-181.230000000,5.0
30.3100000001,-186.260000000,5.0
32.3400000000,-192.910000000,5.0
34.1400000000,-197.619999999,5.0
35.6899999999,-202.400000000,5.0
37.1899999999,-207.520000000,5.0
37.8100000001,-213.800000001,5.0
37.1400000000,-219.090000000,5.0
35.2900000000,-223.859999999,5.0
33.0200000000,-228.570000000,5.0
31.5900000000,-233.789999999,5.0
29.8800000000,-238.880000001,5.0
28.8600000000,-243.920000000,5.0
31.3100000001,-248.320000000,5.0
34.9700000000,-251.880000001,5.0
33.7900000000,-257.140000001,5.0
31.1700000000,-261.430000000,5.0
28.4300000001,-266.060000001,5.0
25.5,-270.510000000,5.0
23.25,-275.260000000,5.0
21.2300000000,-279.910000000,5.0
18.3199999999,-284.480000000,5.0
14.75,-288.740000000,5.0
13.7944911017,-290.151962194,5.0
119.480000000,-169.510000000,20.0
116.390000000,-169.080000000,20.0
111.740000000,-166.410000000,20.0
107.680000000,-163.180000000,20.0
104.710000000,-158.980000000,20.0
101.710000000,-154.680000000,20.0
99.0200000000,-150.199999999,20.0
95.2200000000,-145.050000001,20.0
92.3400000000,-139.859999999,20.0
90.3700000000,-135.560000001,20.0
88.5800000000,-130.359999999,20.0
87.5,-126.410000000,20.0
86.3300000000,-121.619999999,20.0
84.8600000000,-116.740000000,20.0
83.2200000000,-111.390000001,20.0
82.4700000000,-106.180000000,20.0
82.2300000000,-100.770000000,20.0
82.1899999999,-95.2200000007,20.0
82.4700000000,-89.9700000007,20.0
83.75,-84.5600000005,20.0
85.3400000000,-79.1699999999,20.0
87.7900000000,-73.4100000001,20.0
90.8199999999,-69.2899999991,20.0
99.4300000001,-63.0899999999,20.0
103.120000000,-61.1999999993,20.0
107.670000000,-60.8699999992,20.0
112.560000000,-62.5500000007,20.0
117.970000000,-64.9399999995,20.0
130.590000000,-70.9800000004,20.0
134.770000000,-75.3499999996,20.0
137.25,-80.0,20.0
138.710000000,-85.0,20.0
140.180000000,-90.1899999995,20.0
141.570000000,-95.1099999994,20.0
142.820000000,-100.350000000,20.0
143.930000000,-105.470000001,20.0
144.340000000,-110.490000000,20.0
144.350000000,-115.590000000,20.0
144.900000000,-120.689999999,20.0
145.950000000,-125.869999999,20.0
146.170000000,-130.770000000,20.0
146.0,-136.430000000,20.0
146.260000000,-141.510000000,20.0
146.260000000,-145.800000001,20.0
146.770000000,-151.020000000,20.0
145.800000000,-155.0,20.0
143.630000000,-159.539999999,20.0
140.420000000,-164.170000000,20.0
137.25,-168.850000000,20.0
131.860000000,-170.789999999,20.0
127.560000000,-170.480000000,20.0
278.004963975,-120.320505043,15.0
277.300000000,-121.930000000,15.0
273.340000000,-128.490000000,15.0
273.670000000,-133.710000001,15.0
274.380000000,-139.260000000,15.0
275.860000000,-145.400000000,15.0
278.004963975,-147.303763207,15.0
93.4200000000,-86.25,23.0
97.3900000000,-85.2200000007,23.0
101.850000000,-86.4299999997,23.0
103.610000000,-91.4100000001,23.0
103.330000000,-95.8800000008,23.0
102.650000000,-99.0299999993,23.0
102.640000000,-99.0800000001,23.0
102.540000000,-101.840000000,23.0
102.480000000,-104.520000000,23.0
102.090000000,-107.039999999,23.0
99.6000000000,-111.630000001,23.0
94.9800000000,-113.970000001,23.0
91.4500000000,-112.430000000,23.0
89.4800000000,-108.660000000,23.0
88.9399999999,-103.640000001,23.0
89.1200000000,-97.0099999998,23.0
89.6500000000,-92.1699999999,23.0
90.2600000000,-89.3800000008,23.0
92.0200000000,-87.5399999991,23.0
93.4200000000,-86.25,23.0
72.9800000000,-69.2200000007,16.0
71.9100000000,-73.8800000008,16.0
70.6500000000,-78.3699999992,16.0
70.1100000000,-84.2799999993,16.0
69.9300000001,-89.8399999999,16.0
70.2900000000,-95.2200000007,16.0
71.3700000000,-101.310000001,16.0
72.8000000000,-104.900000000,16.0
74.7800000000,-108.840000000,16.0
76.3900000000,-113.150000000,16.0
78.0,-118.880000001,16.0
79.2600000000,-123.539999999,16.0
80.5100000000,-129.640000001,16.0
81.4100000000,-134.840000000,16.0
82.8400000000,-140.400000000,16.0
83.7400000000,-144.880000001,16.0
85.5300000000,-149.720000001,16.0
87.1500000000,-154.020000000,16.0
88.9399999999,-157.25,16.0
92.1600000000,-161.369999999,16.0
96.2900000000,-166.390000001,16.0
102.380000000,-172.310000001,16.0
104.890000000,-176.970000001,16.0
106.810000000,-183.570000000,16.0
108.120000000,-188.619999999,16.0
109.540000000,-194.380000001,16.0
109.910000000,-200.270000000,16.0
110.270000000,-205.109999999,16.0
110.070000000,-209.490000000,16.0
110.810000000,-214.439999999,16.0
112.5,-219.810000001,16.0
114.75,-224.480000000,16.0
116.850000000,-229.230000000,16.0
118.640000000,-234.189999999,16.0
121.230000000,-239.090000000,16.0
125.320000000,-242.580000000,16.0
131.330000000,-241.390000001,16.0
135.550000000,-237.210000001,16.0
138.780000000,-232.900000000,16.0
142.540000000,-227.699999999,16.0
145.950000000,-222.680000000,16.0
148.280000000,-218.380000001,16.0
150.970000000,-213.180000000,16.0
153.840000000,-209.060000001,16.0
158.5,-206.550000001,16.0
161.960000000,-205.680000000,16.0
163.960000000,-204.080000000,16.0
166.030000000,-201.330000000,16.0
165.460000000,-195.080000000,16.0
164.740000000,-189.730000000,16.0
165.310000000,-184.539999999,16.0
170.840000000,-183.020000000,16.0
173.560000000,-179.480000000,16.0
173.200000000,-174.460000001,16.0
169.290000000,-164.430000000,16.0
167.210000000,-159.430000000,16.0
165.810000000,-154.160000000,16.0
165.130000000,-148.460000001,16.0
164.050000000,-142.730000000,16.0
164.050000000,-138.070000000,16.0
164.310000000,-133.279999999,16.0
165.020000000,-128.270000000,16.0
165.310000000,-124.439999999,16.0
164.950000000,-119.060000001,16.0
164.410000000,-115.660000000,16.0
161.900000000,-115.660000000,16.0
161.370000000,-110.460000001,16.0
160.470000000,-103.640000001,16.0
159.030000000,-98.0899999999,16.0
157.060000000,-91.9900000002,16.0
155.450000000,-86.25,16.0
154.020000000,-79.9800000004,16.0
152.220000000,-73.1699999999,16.0
150.970000000,-68.5099999998,16.0
149.710000000,-66.5299999993,16.0
150.070000000,-64.1999999993,16.0
147.380000000,-60.4399999995,16.0
144.330000000,-56.6699999999,16.0
139.850000000,-51.6500000004,16.0
134.120000000,-47.8900000006,16.0
127.480000000,-44.6600000001,16.0
121.570000000,-42.5099999998,16.0
112.060000000,-41.2599999998,16.0
104.890000000,-40.9000000004,16.0
100.050000000,-41.2599999998,16.0
93.9600000000,-41.9700000007,16.0
89.1200000000,-42.5099999998,16.0
85.3500000000,-42.8699999992,16.0
81.4100000000,-45.7400000002,16.0
78.3600000000,-50.5800000001,16.0
76.3900000000,-55.9600000009,16.0
74.7800000000,-60.6199999992,16.0
73.8800000000,-64.3800000008,16.0
72.9800000000,-69.2200000007,16.0
84.25,-165.850000000,12.0
85.2200000000,-169.970000001,12.0
86.4300000001,-172.869999999,12.0
88.3700000000,-176.010000000,12.0
89.8199999999,-179.640000001,12.0
91.0300000000,-185.449999999,12.0
90.3000000000,-190.770000000,12.0
88.6100000000,-196.100000000,12.0
85.7000000000,-200.210000001,12.0
82.0800000000,-204.320000000,12.0
78.2000000000,-209.890000001,12.0
75.0600000001,-214.720000001,12.0
72.6400000000,-222.220000001,12.0
71.4300000001,-226.580000000,12.0
70.2200000000,-233.840000000,12.0
70.2200000000,-239.400000000,12.0
72.1600000000,-247.140000001,12.0
74.5699999999,-251.5,12.0
77.4800000000,-255.130000001,12.0
80.3800000000,-260.210000001,12.0
83.5300000000,-264.810000001,12.0
87.6400000000,-268.920000000,12.0
91.75,-271.820000000,12.0
96.3500000000,-273.270000000,12.0
101.670000000,-273.270000000,12.0
106.510000000,-272.310000001,12.0
113.040000000,-270.369999999,12.0
116.670000000,-269.160000000,12.0
-29.0050000000,-249.736666667,8.0
-26.6000000000,-246.529999999,8.0
-23.3700000000,-242.810000001,8.0
-20.7300000000,-240.949999999,8.0
-18.3800000000,-239.970000001,8.0
-16.7200000000,-237.430000000,8.0
-15.1500000000,-234.100000000,8.0
-12.7100000000,-230.580000000,8.0
-9.57999999996,-224.910000000,8.0
-6.15000000002,-219.330000000,8.0
-3.60999999999,-214.050000001,8.0
-1.65000000002,-208.869999999,8.0
-0.770000000019,-204.369999999,8.0
-0.280000000028,-198.990000000,8.0
-0.380000000005,-193.800000001,8.0
-1.45999999996,-188.720000001,8.0
-3.02000000002,-185.189999999,8.0
-4.39000000001,-181.480000000,8.0
-5.95999999996,-177.560000001,8.0
-7.62000000000,-172.770000000,8.0
-9.38000000000,-167.980000000,8.0
-11.1400000000,-163.480000000,8.0
-13.0,-158.880000001,8.0
-14.6600000000,-154.580000000,8.0
-16.4300000001,-149.779999999,8.0
-18.1899999999,-145.279999999,8.0
-20.0400000000,-140.490000000,8.0
-22.1000000000,-135.210000001,8.0
-23.9600000000,-129.830000000,8.0
-26.0100000000,-124.740000000,8.0
-27.7700000000,-119.650000000,8.0
-29.0050000000,-116.718373786,8.0
278.004963975,-167.571969095,7.0
274.160000000,-167.850000000,7.0
269.310000000,-168.130000001,7.0
263.230000000,-169.0,7.0
256.400000000,-169.420000000,7.0
250.610000000,-170.25,7.0
245.640000000,-171.279999999,7.0
240.060000000,-172.310000001,7.0
234.680000000,-173.560000001,7.0
229.300000000,-175.0,7.0
223.090000000,-176.869999999,7.0
218.330000000,-178.730000000,7.0
215.900000000,-181.279999999,7.0
214.410000000,-184.270000000,7.0
211.980000000,-188.369999999,7.0
208.520000000,-192.880000001,7.0
205.730000000,-195.529999999,7.0
202.780000000,-198.770000000,7.0
199.100000000,-202.600000000,7.0
196.450000000,-205.25,7.0
192.620000000,-208.490000000,7.0
184.090000000,-214.230000000,7.0
179.380000000,-216.439999999,7.0
175.25,-218.350000000,7.0
170.980000000,-220.260000000,7.0
167.010000000,-222.330000000,7.0
163.920000000,-223.800000001,7.0
161.120000000,-225.710000001,7.0
158.030000000,-228.210000001,7.0
155.970000000,-230.570000000,7.0
154.650000000,-233.369999999,7.0
152.440000000,-237.050000001,7.0
150.670000000,-240.430000000,7.0
148.760000000,-243.820000000,7.0
146.400000000,-247.350000000,7.0
143.900000000,-250.289999999,7.0
141.990000000,-252.939999999,7.0
138.480000000,-257.330000000,7.0
135.300000000,-260.710000001,7.0
132.620000000,-263.400000000,7.0
50.2600000000,-269.170000000,3.0
47.4900000000,-268.170000000,3.0
43.0600000001,-267.199999999,3.0
38.2200000000,-267.340000000,3.0
33.5200000000,-268.029999999,3.0
30.4800000000,-270.380000001,3.0
27.9900000000,-275.630000001,3.0
28.8199999999,-280.609999999,3.0
31.0400000000,-285.029999999,3.0
30.9000000000,-288.770000000,3.0
30.0055992342,-290.151962194,3.0
51.9600000000,-272.980000000,2.0
53.2900000000,-273.150000000,2.0
57.9900000000,-274.109999999,2.0
62.8300000000,-274.800000001,2.0
67.3900000000,-274.939999999,2.0
71.4000000000,-276.320000000,2.0
76.9300000001,-280.060000001,2.0
80.25,-283.650000000,2.0
84.1200000000,-286.689999999,2.0
87.8000000000,-289.949999999,2.0
88.0898019166,-290.151962194,2.0
109.284659543,-290.151962194,2.0
113.430000000,-287.520000000,2.0
118.400000000,-283.789999999,2.0
122.270000000,-281.020000000,2.0
126.010000000,-278.119999999,2.0
130.290000000,-274.800000001,2.0
134.850000000,-271.490000000,2.0
138.450000000,-268.029999999,2.0
142.320000000,-263.75,2.0
146.190000000,-260.010000000,2.0
151.160000000,-256.279999999,2.0
155.700000000,-252.330000000,2.0
159.400000000,-248.930000000,2.0
163.180000000,-244.5,2.0
166.690000000,-240.439999999,2.0
170.840000000,-236.180000000,2.0
174.490000000,-232.390000001,2.0
178.670000000,-228.220000001,2.0
182.820000000,-226.010000000,2.0
187.990000000,-222.770000000,2.0
193.110000000,-219.890000001,2.0
197.590000000,-216.920000000,2.0
202.470000000,-214.480000000,2.0
208.120000000,-210.939999999,2.0
212.130000000,-207.760000000,2.0
217.380000000,-203.609999999,2.0
222.380000000,-200.789999999,2.0
227.390000000,-199.070000000,2.0
232.290000000,-197.25,2.0
236.870000000,-196.150000000,2.0
241.260000000,-194.980000000,2.0
251.560000000,-192.449999999,2.0
256.630000000,-191.289999999,2.0
261.650000000,-189.900000000,2.0
266.510000000,-189.220000001,2.0
271.760000000,-188.859999999,2.0
278.004963975,-188.083840192,2.0
52.5900000000,-278.680000000,1.0
56.0500000000,-279.779999999,1.0
59.8700000000,-283.100000000,1.0
62.6899999999,-288.630000001,1.0
62.9954933155,-290.151962194,1.0
-29.0050000000,-216.910817307,21.0
-27.6800000001,-214.350000000,21.0
-26.9900000000,-211.439999999,21.0
-26.5699999999,-207.560000001,21.0
-27.1200000000,-203.130000001,21.0
-28.6500000000,-199.529999999,21.0
-29.0050000000,-198.387826086,21.0
-29.0050000000,-232.056250000,11.0
-28.3900000000,-231.390000001,11.0
-25.9700000000,-229.180000000,11.0
-23.2400000000,-226.869999999,11.0
-20.9300000001,-224.770000000,11.0
-17.9900000000,-221.510000000,11.0
-15.6800000001,-218.570000000,11.0
-13.1600000000,-215.109999999,11.0
-11.0600000001,-211.740000000,11.0
-9.68999999994,-208.490000000,11.0
-8.43000000005,-201.240000000,11.0
-8.53000000003,-197.980000000,11.0
-8.64000000001,-196.090000000,11.0
-9.27000000002,-192.310000001,11.0
-10.6400000000,-187.800000001,11.0
-11.9300000001,-184.050000001,11.0
-14.0300000000,-178.560000001,11.0
-15.6500000000,-173.380000001,11.0
-17.4300000001,-169.180000000,11.0
-19.0400000000,-164.490000000,11.0
-20.8199999999,-159.480000000,11.0
-23.0900000000,-154.150000000,11.0
-25.3500000000,-149.140000001,11.0
-27.7700000000,-143.0,11.0
-29.0050000000,-140.377413127,11.0
-29.0050000000,-230.446500001,12.0
-27.0200000000,-228.660000000,12.0
-24.6100000000,-226.770000000,12.0
-21.7700000000,-224.240000000,12.0
-19.0400000000,-221.300000001,12.0
-16.7300000000,-218.260000000,12.0
-14.5200000000,-215.320000000,12.0
-12.6300000000,-212.270000000,12.0
-11.0600000001,-208.910000000,12.0
-10.2200000000,-205.859999999,12.0
-9.80000000005,-201.869999999,12.0
-10.3199999999,-194.400000000,12.0
-11.2900000000,-190.520000000,12.0
-12.4200000000,-186.960000001,12.0
-14.0300000000,-182.439999999,12.0
-15.6500000000,-177.75,12.0
-17.2700000000,-172.900000000,12.0
-19.0400000000,-169.180000000,12.0
-21.1500000000,-163.689999999,12.0
-23.25,-158.189999999,12.0
-25.3500000000,-152.859999999,12.0
-27.4500000000,-148.010000000,12.0
-29.0050000000,-144.335796460,12.0
-29.0050000000,-229.092500001,13.0
-28.1800000001,-228.130000001,13.0
-25.7600000000,-226.350000000,13.0
-23.3400000000,-224.240000000,13.0
-21.1400000000,-221.930000000,13.0
-19.1400000000,-219.410000000,13.0
-16.9399999999,-216.890000001,13.0
-15.0500000000,-214.060000001,13.0
-13.4700000000,-211.430000000,13.0
-12.2100000000,-208.380000001,13.0
-11.6899999999,-204.710000001,13.0
-11.2700000000,-201.350000000,13.0
-11.4800000000,-197.670000000,13.0
-11.7700000000,-193.75,13.0
-13.2300000000,-188.740000000,13.0
-14.6800000001,-184.539999999,13.0
-16.6200000000,-179.199999999,13.0
-18.2400000000,-174.350000000,13.0
-20.6600000000,-169.510000000,13.0
-23.0900000000,-163.850000000,13.0
-25.8300000000,-156.740000000,13.0
-28.5800000000,-149.949999999,13.0
-29.0050000000,-148.994980694,13.0
-29.0050000000,-152.843347108,14.0
-28.1000000000,-154.960000001,14.0
-26.1600000000,-159.970000001,14.0
-24.2200000000,-164.980000000,14.0
-22.4399999999,-169.510000000,14.0
-20.5,-173.220000001,14.0
-18.7200000000,-177.590000000,14.0
-17.2700000000,-181.949999999,14.0
-15.4900000000,-186.800000001,14.0
-14.0300000000,-191.160000000,14.0
-13.2300000000,-194.880000001,14.0
-12.7400000000,-198.600000000,14.0
-12.7400000000,-202.400000000,14.0
-13.3700000000,-206.279999999,14.0
-14.2100000000,-209.539999999,14.0
-15.6800000001,-213.010000000,14.0
-17.9900000000,-216.160000000,14.0
-19.9800000000,-218.680000000,14.0
-22.4000000000,-221.720000001,14.0
-25.1300000000,-224.140000001,14.0
-27.7600000000,-226.350000000,14.0
-29.0050000000,-227.529785714,14.0
-29.0050000000,-163.032991632,16.0
-27.4500000000,-166.670000000,16.0
-25.25,-171.460000001,16.0
-22.4600000000,-177.850000000,16.0
-20.6600000000,-183.439999999,16.0
-17.6600000000,-190.830000000,16.0
-16.4700000000,-196.619999999,16.0
-16.4700000000,-203.010000000,16.0
-17.2600000000,-208.800000001,16.0
-18.4100000000,-212.590000000,16.0
-20.8199999999,-215.740000000,16.0
-22.8199999999,-218.359999999,16.0
-25.4500000000,-221.090000000,16.0
-28.0699999999,-223.510000000,16.0
-29.0050000000,-224.533846154,16.0
-21.0600000001,-208.199999999,18.0
-20.4600000000,-202.810000001,18.0
-21.4600000000,-195.420000000,18.0
-23.25,-188.430000000,18.0
-25.8500000000,-181.840000000,18.0
-27.8500000000,-176.650000000,18.0
-29.0050000000,-174.334726027,18.0
-29.0050000000,-222.754117647,18.0
-25.4500000000,-218.990000000,18.0
-22.9200000000,-215.420000000,18.0
-21.7700000000,-212.590000000,18.0
-21.0600000001,-208.199999999,18.0
-19.8800000000,-211.850000000,17.0
-19.4600000000,-209.430000000,17.0
-18.8300000000,-206.279999999,17.0
-18.4600000000,-203.410000000,17.0
-18.6600000000,-199.010000000,17.0
-19.2600000000,-193.420000000,17.0
-20.4600000000,-188.830000000,17.0
-22.8600000000,-182.840000000,17.0
-25.0500000000,-176.850000000,17.0
-27.8500000000,-170.260000000,17.0
-29.0050000000,-167.628287671,17.0
-23.2400000000,-210.800000001,19.0
-22.7100000000,-208.910000000,19.0
-22.6100000000,-205.859999999,19.0
-22.6600000000,-203.210000001,19.0
-23.8500000000,-197.220000001,19.0
-25.25,-192.220000001,19.0
-27.0500000000,-186.630000001,19.0
-29.0050000000,-181.512277992,19.0
132.020000000,-261.910000000,9.0
134.010000000,-259.320000000,9.0
137.490000000,-254.949999999,9.0
139.340000000,-251.770000000,9.0
141.990000000,-247.350000000,9.0
144.930000000,-242.490000000,9.0
147.430000000,-237.630000001,9.0
149.490000000,-233.220000001,9.0
151.700000000,-229.539999999,9.0
153.760000000,-225.859999999,9.0
156.260000000,-223.5,9.0
158.770000000,-221.590000000,9.0
162.590000000,-219.230000000,9.0
166.570000000,-217.760000000,9.0
167.760000000,-217.199999999,9.0
174.760000000,-213.920000000,9.0
175.400000000,-213.640000001,9.0
179.670000000,-211.730000000,9.0
183.640000000,-209.520000000,9.0
187.320000000,-206.720000001,9.0
190.420000000,-204.070000000,9.0
192.650000000,-201.070000000,9.0
193.360000000,-198.850000000,9.0
196.900000000,-196.430000000,9.0
199.390000000,-194.740000000,9.0
202.490000000,-192.439999999,9.0
206.170000000,-189.350000000,9.0
208.440000000,-186.869999999,9.0
210.870000000,-183.150000000,9.0
212.730000000,-179.230000000,9.0
214.400000000,-176.449999999,9.0
216.680000000,-174.800000001,9.0
221.020000000,-173.140000001,9.0
224.130000000,-171.689999999,9.0
228.890000000,-170.039999999,9.0
234.060000000,-168.380000001,9.0
239.020000000,-166.520000000,9.0
244.810000000,-165.070000000,9.0
248.950000000,-164.449999999,9.0
253.920000000,-163.630000001,9.0
258.510000000,-163.529999999,9.0
264.640000000,-163.220000001,9.0
270.630000000,-163.359999999,9.0
276.580000000,-163.830000000,9.0
278.004963975,-163.809643372,9.0
278.004963975,-62.5214843977,11.0
274.980000000,-64.7100000009,11.0
270.670000000,-67.9499999993,11.0
267.220000000,-71.4499999993,11.0
262.620000000,-74.5999999996,11.0
258.800000000,-76.2799999993,11.0
254.530000000,-79.1999999993,11.0
251.380000000,-82.6899999995,11.0
248.120000000,-86.1699999999,11.0
244.870000000,-89.4299999997,11.0
241.490000000,-93.3599999994,11.0
238.010000000,-96.9499999993,11.0
234.640000000,-100.890000001,11.0
230.410000000,-104.449999999,11.0
226.170000000,-108.020000000,11.0
223.390000000,-112.560000001,11.0
221.540000000,-117.340000000,11.0
220.820000000,-122.520000000,11.0
219.700000000,-127.289999999,11.0
218.800000000,-131.670000000,11.0
217.770000000,-137.220000001,11.0
216.870000000,-143.300000001,11.0
216.870000000,-148.430000000,11.0
218.950000000,-152.789999999,11.0
220.5,-154.890000001,11.0
224.860000000,-157.760000000,11.0
229.120000000,-160.5,11.0
233.950000000,-162.0,11.0
239.040000000,-162.020000000,11.0
249.020000000,-160.320000000,11.0
254.070000000,-159.470000001,11.0
263.520000000,-158.189999999,11.0
271.970000000,-156.939999999,11.0
278.004963975,-155.993924790,11.0
278.004963975,-48.5196834780,8.0
277.640000000,-48.6899999995,8.0
271.430000000,-52.4700000007,8.0
266.040000000,-55.9800000004,8.0
260.910000000,-59.7599999998,8.0
256.590000000,-63.2699999996,8.0
252.0,-66.2400000002,8.0
248.220000000,-68.6699999999,8.0
240.930000000,-70.5600000005,8.0
236.340000000,-72.4499999993,8.0
232.020000000,-77.3000000007,8.0
229.860000000,-84.0500000007,8.0
226.630000000,-89.1799999997,8.0
222.040000000,-91.3399999999,8.0
215.830000000,-92.4199999999,8.0
210.970000000,-91.8800000008,8.0
205.030000000,-91.0700000003,8.0
200.980000000,-89.9900000002,8.0
196.930000000,-87.2899999991,8.0
193.960000000,-82.4299999997,8.0
191.430000000,-79.0500000007,8.0
188.830000000,-76.4900000002,8.0
187.210000000,-70.0199999996,8.0
183.980000000,-63.0,8.0
182.090000000,-58.6799999997,8.0
179.390000000,-53.5500000007,8.0
175.070000000,-46.8000000007,8.0
165.620000000,-39.5099999998,8.0
156.980000000,-33.0299999993,8.0
151.040000000,-28.9900000002,8.0
142.890000000,-24.2300000004,8.0
132.880000000,-20.3300000001,8.0
126.100000000,-17.9600000009,8.0
119.480000000,-16.2599999998,8.0
112.360000000,-14.5600000005,8.0
105.400000000,-13.3800000008,8.0
99.1300000000,-13.2100000009,8.0
91.6700000000,-14.2200000007,8.0
85.0500000000,-16.4299999997,8.0
79.4600000000,-18.8000000007,8.0
74.3700000000,-22.1899999995,8.0
70.8100000001,-25.9299999997,8.0
68.0900000000,-31.0099999998,8.0
65.7200000000,-38.3100000005,8.0
63.8500000000,-45.5999999996,8.0
61.8199999999,-52.0399999991,8.0
59.6100000000,-59.8499999996,8.0
57.5800000000,-67.9900000002,8.0
55.7100000000,-75.9600000009,8.0
54.6899999999,-84.2699999996,8.0
54.8700000000,-90.3499999996,8.0
55.5800000000,-95.1300000008,8.0
56.7800000000,-100.140000001,8.0
59.6400000000,-108.5,8.0
62.0300000000,-112.800000001,8.0
65.1300000000,-116.859999999,8.0
67.7600000000,-120.199999999,8.0
69.4300000001,-122.830000000,8.0
70.8600000000,-127.600000000,8.0
71.8199999999,-134.050000001,8.0
72.2300000000,-141.090000000,8.0
71.9100000000,-150.039999999,8.0
72.8700000000,-161.550000001,8.0
72.8700000000,-174.760000000,8.0
73.0800000000,-185.630000001,8.0
72.6600000000,-189.570000000,8.0
71.3800000000,-195.539999999,8.0
67.2200000000,-204.699999999,8.0
64.2400000000,-213.760000000,8.0
62.4300000001,-220.580000000,8.0
61.7900000000,-227.080000000,8.0
61.7900000000,-230.279999999,8.0
151.034363954,-290.151962194,1.0
152.050000000,-288.520000000,1.0
154.760000000,-284.619999999,1.0
157.110000000,-280.060000001,1.0
158.480000000,-275.640000001,1.0
158.760000000,-274.840000000,1.0
159.120000000,-273.689999999,1.0
160.480000000,-268.289999999,1.0
161.430000000,-261.75,1.0
163.080000000,-256.410000000,1.0
165.75,-251.699999999,1.0
169.410000000,-248.119999999,1.0
173.010000000,-244.810000001,1.0
176.640000000,-240.869999999,1.0
180.350000000,-237.439999999,1.0
185.150000000,-235.420000000,1.0
188.910000000,-234.130000001,1.0
191.420000000,-232.680000000,1.0
196.920000000,-228.359999999,1.0
200.100000000,-226.279999999,1.0
204.25,-223.930000000,1.0
208.190000000,-221.570000000,1.0
212.790000000,-218.230000000,1.0
217.660000000,-214.590000000,1.0
227.460000000,-210.270000000,1.0
232.760000000,-208.670000000,1.0
238.280000000,-208.279999999,1.0
243.360000000,-208.570000000,1.0
248.620000000,-207.340000000,1.0
253.560000000,-205.880000001,1.0
258.900000000,-205.390000001,1.0
263.0,-205.820000000,1.0
266.040000000,-207.619999999,1.0
268.470000000,-209.770000000,1.0
272.470000000,-212.840000000,1.0
277.310000000,-214.510000000,1.0
278.004963975,-214.557881376,1.0
35.2830476134,-290.151962194,1.0
35.3700000000,-285.699999999,1.0
35.6000000000,-281.020000000,1.0
36.5699999999,-275.910000000,1.0
40.0300000000,-273.550000001,1.0
45.0100000000,-274.330000000,1.0
49.3800000000,-276.810000001,1.0
50.3700000000,-277.400000000,1.0
49.8900000000,-272.449999999,2.0
47.3600000000,-271.480000000,2.0
42.7200000000,-270.320000000,2.0
37.7100000000,-270.560000001,2.0
32.3199999999,-272.779999999,2.0
30.9900000000,-277.730000000,2.0
33.3900000000,-282.270000000,2.0
33.8000000000,-287.25,2.0
33.1330894337,-290.151962194,2.0
-19.0969094487,42.8849999998,4.0
-19.2200000000,42.0399999991,4.0
-19.2200000000,36.75,4.0
-18.2200000000,31.5500000007,4.0
-15.3300000000,27.1999999993,4.0
-11.1600000000,24.1699999999,4.0
-6.84999999998,21.5999999996,4.0
-2.03000000003,19.6699999999,4.0
2.21999999997,16.7599999998,4.0
6.70999999996,14.8000000007,4.0
3.53000000003,10.8900000006,4.0
1.63000000000,8.34999999963,4.0
-3.60999999999,7.53999999911,4.0
272.340000000,11.8000000007,6.0
269.930000000,10.0399999991,6.0
265.040000000,6.41000000015,6.0
260.100000000,2.61999999918,6.0
255.030000000,-1.01999999955,6.0
249.370000000,-3.40000000037,6.0
243.960000000,-6.08999999985,6.0
238.270000000,-8.17999999970,6.0
232.880000000,-10.9900000002,6.0
234.75,-13.4199999999,6.0
240.900000000,-16.8100000005,6.0
247.210000000,-17.3499999996,6.0
253.910000000,-16.0800000001,6.0
260.290000000,-14.4700000007,6.0
266.620000000,-14.8699999992,6.0
272.850000000,-15.7300000004,6.0
278.004963975,-16.8904975991,6.0
278.004963975,-29.1496149066,6.0
277.850000000,-29.1799999997,6.0
270.75,-30.8300000001,6.0
254.820000000,-35.8399999999,6.0
249.520000000,-39.0199999996,6.0
243.240000000,-41.8200000003,6.0
238.340000000,-45.5099999998,6.0
233.100000000,-48.7699999996,6.0
227.320000000,-50.4900000002,6.0
220.230000000,-52.0700000003,6.0
214.430000000,-53.8499999996,6.0
207.190000000,-55.4399999995,6.0
202.060000000,-55.1699999999,6.0
197.200000000,-53.8200000003,6.0
194.770000000,-51.9299999997,6.0
192.070000000,-47.0700000003,6.0
189.380000000,-44.5099999998,6.0
184.700000000,-40.5600000005,6.0
178.580000000,-36.5399999991,6.0
172.370000000,-32.7599999998,6.0
165.080000000,-27.0999999996,6.0
156.440000000,-22.2400000002,6.0
149.330000000,-18.1199999992,6.0
141.530000000,-14.0500000007,6.0
133.900000000,-10.8300000001,6.0
125.930000000,-8.28999999911,6.0
118.630000000,-6.58999999985,6.0
110.830000000,-5.24000000022,6.0
103.540000000,-4.90000000037,6.0
95.2300000000,-5.07000000030,6.0
86.9200000000,-6.75999999978,6.0
72.3300000000,-13.3800000008,6.0
67.4100000000,-17.2799999993,6.0
64.3600000000,-21.6899999995,6.0
62.5,-26.5999999996,6.0
61.1400000000,-32.1999999993,6.0
60.2900000000,-37.1199999992,6.0
58.6000000000,-42.2100000009,6.0
56.7300000000,-48.3100000005,6.0
54.8600000000,-54.7599999998,6.0
52.4900000000,-60.6899999995,6.0
50.2900000000,-67.8200000003,6.0
49.4399999999,-73.2400000002,6.0
48.9300000001,-77.8200000003,6.0
48.7600000000,-83.25,6.0
48.5900000000,-89.0199999996,6.0
49.8500000000,-97.0399999991,6.0
51.7600000000,-104.439999999,6.0
54.6300000000,-110.650000000,6.0
58.4500000000,-116.380000001,6.0
62.2700000000,-120.439999999,6.0
64.4200000000,-124.260000000,6.0
65.8500000000,-129.510000000,6.0
65.6100000000,-135.960000001,6.0
65.1300000000,-144.320000000,6.0
63.4600000000,-152.910000000,6.0
62.2700000000,-158.410000000,6.0
60.6000000000,-167.0,6.0
59.4000000000,-173.930000000,6.0
59.6400000000,-181.330000000,6.0
61.0699999999,-188.730000000,6.0
62.0300000000,-195.420000000,6.0
61.7900000000,-201.859999999,6.0
61.0699999999,-206.160000000,6.0
60.7700000000,-210.640000001,6.0
59.9200000000,-216.890000001,6.0
59.6600000000,-219.830000000,6.0
59.6600000000,-225.270000000,6.0
59.6600000000,-229.740000000,6.0
59.6600000000,-236.460000001,6.0
59.7600000000,-239.439999999,6.0
59.3500000000,-246.439999999,6.0
58.5,-249.990000000,6.0
57.0800000000,-253.689999999,6.0
56.2300000000,-257.949999999,6.0
56.5100000000,-261.220000001,6.0
58.2200000000,-263.630000001,6.0
62.9100000000,-264.770000000,6.0
67.5900000000,-265.770000000,6.0
71.5699999999,-267.189999999,6.0
-29.0050000000,-94.6470232554,6.0
-28.4600000000,-95.5899999999,6.0
-26.7900000000,-99.1099999994,6.0
-25.0300000000,-104.980000000,6.0
-23.4700000000,-109.279999999,6.0
-21.6100000000,-114.369999999,6.0
-19.8500000000,-119.560000001,6.0
-17.7900000000,-124.449999999,6.0
-15.1500000000,-129.140000001,6.0
-13.3900000000,-132.760000000,6.0
-11.7800000000,-136.270000000,6.0
-9.10999999999,-141.680000000,6.0
-6.98999999999,-146.410000000,6.0
-5.13000000000,-151.080000000,6.0
-2.78000000003,-155.789999999,6.0
-0.459999999963,-161.490000000,6.0
2.78000000003,-166.420000000,6.0
5.14000000001,-171.439999999,6.0
6.92000000004,-176.510000000,6.0
8.65000000002,-182.039999999,6.0
9.91000000003,-188.529999999,6.0
11.3400000000,-194.699999999,6.0
11.7000000000,-200.240000000,6.0
11.5,-205.800000001,6.0
11.1600000000,-211.0,6.0
10.4700000000,-217.340000000,6.0
10.1200000000,-222.619999999,6.0
10.0699999999,-227.910000000,6.0
9.84999999998,-233.119999999,6.0
9.25,-238.789999999,6.0
8.45999999996,-244.270000000,6.0
6.53000000003,-249.189999999,6.0
4.73999999999,-254.350000000,6.0
3.15000000002,-259.260000000,6.0
2.08999999997,-264.260000000,6.0
3.88000000000,-269.150000000,6.0
7.15000000002,-272.160000000,6.0
9.63000000000,-277.160000000,6.0
13.5900000000,-280.260000000,6.0
16.25,-281.160000000,6.0
16.7400000000,-283.5,6.0
14.4900000000,-286.240000000,6.0
11.7690129629,-290.151962194,6.0
-29.0050000000,-105.705195121,7.0
-28.9500000000,-105.859999999,7.0
-27.3800000000,-109.869999999,7.0
-26.2100000000,-113.390000001,7.0
-24.4500000000,-117.800000001,7.0
-22.9800000000,-121.810000001,7.0
-21.4100000000,-125.820000000,7.0
-19.8500000000,-130.220000001,7.0
-18.1899999999,-135.310000001,7.0
-16.4300000001,-139.609999999,7.0
-14.8600000000,-144.010000000,7.0
-13.0,-148.320000000,7.0
-11.3400000000,-152.619999999,7.0
-9.68000000005,-157.119999999,7.0
-7.52000000002,-162.990000000,7.0
-5.18000000005,-168.859999999,7.0
-3.21999999997,-172.770000000,7.0
-0.0899999999674,-181.480000000,7.0
2.06000000006,-186.369999999,7.0
3.53000000003,-191.160000000,7.0
4.31000000006,-198.199999999,7.0
4.31000000006,-204.170000000,7.0
3.23999999999,-210.820000000,7.0
1.96999999997,-214.930000000,7.0
-0.189999999944,-219.720000001,7.0
-1.65000000002,-223.830000000,7.0
-4.60999999999,-231.960000001,7.0
-6.73999999999,-237.920000000,7.0
-11.0500000000,-243.010000000,7.0
-12.1200000000,-246.140000001,7.0
-14.7600000000,-250.539999999,7.0
-17.1300000000,-254.570000000,7.0
-20.4200000000,-258.680000000,7.0
-23.6200000000,-262.580000000,7.0
-26.6000000000,-268.300000001,7.0
-27.3199999999,-273.910000000,7.0
-27.8000000000,-280.260000000,7.0
-28.0800000000,-285.660000000,7.0
-28.3848437418,-290.151962194,7.0
87.1600000000,-163.680000000,14.0
90.3000000000,-168.510000000,14.0
94.3600000000,-172.75,14.0
97.5600000001,-178.430000000,14.0
99.0100000000,-183.510000000,14.0
99.25,-189.560000001,14.0
98.7700000000,-195.130000001,14.0
97.3199999999,-199.970000001,14.0
93.9300000001,-204.080000000,14.0
90.5400000000,-207.220000001,14.0
86.6700000000,-211.820000000,14.0
83.0400000000,-216.660000000,14.0
79.9000000000,-221.5,14.0
77.7200000000,-226.580000000,14.0
76.75,-232.630000001,14.0
76.8100000001,-236.050000001,14.0
77.4800000000,-239.890000001,14.0
80.1400000000,-245.449999999,14.0
83.2800000000,-250.050000001,14.0
87.6400000000,-255.130000001,14.0
91.75,-258.520000000,14.0
97.0800000000,-261.660000000,14.0
102.880000000,-263.350000000,14.0
110.140000000,-264.080000000,14.0
114.740000000,-264.320000000,14.0
117.640000000,-270.369999999,11.0
113.770000000,-273.520000000,11.0
108.930000000,-276.900000000,11.0
103.610000000,-279.320000000,11.0
98.2900000000,-279.810000001,11.0
93.9300000001,-278.359999999,11.0
89.5800000000,-275.210000001,11.0
85.7000000000,-272.310000001,11.0
82.8000000000,-269.400000000,11.0
79.1700000000,-262.869999999,11.0
76.5100000000,-259.0,11.0
72.1600000000,-253.439999999,11.0
69.0100000000,-248.840000000,11.0
67.0699999999,-244.480000000,11.0
66.1100000000,-237.710000001,11.0
66.5900000000,-231.900000000,11.0
67.5600000001,-225.369999999,11.0
69.4900000000,-219.560000001,11.0
71.4300000001,-213.760000000,11.0
73.6100000000,-209.160000000,11.0
76.2700000000,-205.289999999,11.0
79.4100000000,-200.689999999,11.0
83.5300000000,-196.100000000,11.0
86.4300000001,-190.289999999,11.0
87.4000000000,-186.420000000,11.0
86.6700000000,-180.609999999,11.0
84.9800000000,-176.010000000,11.0
82.3199999999,-166.580000000,11.0
81.5,-163.680000000,11.0
80.4300000001,-155.580000000,11.0
79.8000000000,-150.890000001,11.0
78.6200000000,-144.920000000,11.0
77.7700000000,-139.270000000,11.0
76.6000000000,-133.410000000,11.0
75.5300000000,-128.300000001,11.0
74.1500000000,-123.180000000,11.0
72.9800000000,-118.5,11.0
68.7100000000,-112.740000000,11.0
66.0500000000,-109.260000000,11.0
64.6000000000,-106.770000000,11.0
63.3500000000,-103.039999999,11.0
62.1100000000,-98.2699999996,11.0
61.4900000000,-94.3300000001,11.0
61.2800000000,-89.5700000003,11.0
61.2800000000,-85.2100000009,11.0
61.4900000000,-80.4499999993,11.0
62.2000000000,-76.1600000001,11.0
63.1600000000,-72.4499999993,11.0
64.1200000000,-68.4900000002,11.0
64.8400000000,-65.0099999998,11.0
66.0400000000,-60.8200000003,11.0
67.2400000000,-56.3800000008,11.0
68.2000000000,-52.6699999999,11.0
69.4000000000,-48.1099999994,11.0
70.2300000000,-44.2699999996,11.0
71.4300000001,-40.6799999997,11.0
73.4700000000,-37.0800000001,11.0
77.3100000001,-34.0899999999,11.0
80.6600000000,-31.6899999995,11.0
85.2200000000,-29.0500000007,11.0
91.4500000000,-27.0099999998,11.0
98.6500000000,-25.6899999995,11.0
104.880000000,-24.9700000007,11.0
109.790000000,-25.2100000009,11.0
113.150000000,-25.9299999997,11.0
118.430000000,-27.0099999998,11.0
122.620000000,-27.9700000007,11.0
127.660000000,-29.6500000004,11.0
132.450000000,-30.8499999996,11.0
137.25,-32.7699999996,11.0
141.200000000,-34.9199999999,11.0
145.280000000,-37.5600000005,11.0
148.520000000,-39.5999999996,11.0
153.070000000,-42.9600000009,11.0
157.030000000,-45.4700000007,11.0
161.100000000,-47.9900000002,11.0
164.100000000,-51.1099999994,11.0
166.5,-54.6999999993,11.0
167.940000000,-59.1400000006,11.0
169.010000000,-63.5800000001,11.0
169.730000000,-67.0500000007,11.0
171.890000000,-76.7599999998,11.0
172.970000000,-80.7200000007,11.0
173.330000000,-84.4299999997,11.0
174.040000000,-89.3599999994,11.0
174.170000000,-95.0999999996,11.0
175.130000000,-101.580000000,11.0
175.650000000,-108.609999999,11.0
176.330000000,-113.560000001,11.0
176.570000000,-119.800000001,11.0
177.170000000,-126.150000000,11.0
177.800000000,-131.850000000,11.0
178.610000000,-136.220000001,11.0
179.440000000,-142.449999999,11.0
180.040000000,-146.890000001,11.0
181.580000000,-152.630000001,11.0
183.760000000,-157.560000001,11.0
185.980000000,-162.140000001,11.0
190.920000000,-163.670000000,11.0
197.310000000,-163.310000001,11.0
202.460000000,-163.550000001,11.0
208.220000000,-163.670000000,11.0
209.230000000,-166.689999999,11.0
209.170000000,-171.710000001,11.0
208.450000000,-175.779999999,11.0
207.620000000,-180.580000000,11.0
203.780000000,-185.130000001,11.0
201.020000000,-186.449999999,11.0
196.630000000,-188.539999999,11.0
193.240000000,-191.670000000,11.0
189.940000000,-194.380000001,11.0
189.400000000,-196.920000000,11.0
187.360000000,-200.720000001,11.0
185.440000000,-202.520000000,11.0
183.520000000,-204.310000001,11.0
181.360000000,-205.869999999,11.0
178.960000000,-207.430000000,11.0
176.090000000,-209.350000000,11.0
173.400000000,-210.800000001,11.0
172.490000000,-211.270000000,11.0
166.400000000,-214.160000000,11.0
166.140000000,-214.260000000,11.0
162.780000000,-215.580000000,11.0
160.170000000,-217.25,11.0
157.480000000,-218.640000001,11.0
154.100000000,-221.130000001,11.0
152.510000000,-223.320000000,11.0
150.120000000,-226.400000000,11.0
148.630000000,-228.689999999,11.0
146.940000000,-232.570000000,11.0
144.550000000,-236.939999999,11.0
142.260000000,-241.619999999,11.0
139.680000000,-246.090000000,11.0
137.090000000,-251.070000000,11.0
135.300000000,-254.850000000,11.0
63.0500000000,-246.439999999,9.0
63.3300000000,-250.560000001,9.0
64.75,-254.400000000,9.0
66.6000000000,-257.100000000,9.0
68.7300000000,-259.510000000,9.0
70.7200000000,-261.650000000,9.0
72.0,-263.210000001,9.0
73.5600000001,-264.490000000,9.0
61.9100000000,-246.580000000,8.0
61.3400000000,-250.710000001,8.0
61.9100000000,-254.830000000,8.0
63.4700000000,-258.240000000,8.0
65.8900000000,-260.789999999,8.0
69.0100000000,-262.920000000,8.0
71.1500000000,-264.350000000,8.0
72.7100000000,-265.480000000,8.0
71.8600000000,-266.189999999,7.0
70.4399999999,-265.199999999,7.0
68.4500000000,-264.350000000,7.0
66.1700000000,-263.630000001,7.0
63.0500000000,-262.210000001,7.0
60.9200000000,-260.510000000,7.0
59.6400000000,-258.090000000,7.0
58.9300000001,-255.25,7.0
59.6400000000,-250.710000001,7.0
60.7700000000,-246.730000000,7.0
60.9300000001,-243.170000000,7.0
61.0400000000,-237.310000001,7.0
60.9300000001,-231.020000000,7.0
60.9300000001,-226.119999999,7.0
61.0400000000,-220.789999999,7.0
61.4900000000,-217.130000001,7.0
63.0800000000,-210.539999999,7.0
64.2200000000,-205.310000001,7.0
65.8500000000,-198.039999999,7.0
66.8000000000,-192.070000000,7.0
67.5200000000,-185.630000001,7.0
68.4800000000,-178.220000001,7.0
68.9500000000,-169.630000001,7.0
68.7100000000,-160.789999999,7.0
68.9500000000,-154.350000000,7.0
68.7100000000,-146.470000001,7.0
69.1899999999,-139.060000001,7.0
68.9500000000,-131.900000000,7.0
68.2400000000,-126.650000000,7.0
62.75,-117.340000000,7.0
58.9200000000,-112.320000000,7.0
56.3000000000,-107.789999999,7.0
54.3900000000,-103.25,7.0
53.1899999999,-97.7599999998,7.0
51.8100000001,-89.6899999995,7.0
51.8100000001,-83.0800000001,7.0
52.4900000000,-76.9700000007,7.0
54.0200000000,-70.3599999994,7.0
55.8800000000,-63.9199999999,7.0
56.7300000000,-58.4900000002,7.0
58.2600000000,-52.8900000006,7.0
60.2900000000,-46.2799999993,7.0
62.1600000000,-38.8200000003,7.0
64.3600000000,-32.1999999993,7.0
66.0600000001,-26.2699999996,7.0
69.6200000000,-21.1799999997,7.0
74.5400000000,-16.7699999996,7.0
80.3000000000,-13.7200000007,7.0
86.0699999999,-11.5099999998,7.0
93.7000000000,-9.81000000052,7.0
101.330000000,-9.31000000052,7.0
108.460000000,-9.81000000052,7.0
116.430000000,-10.6600000001,7.0
121.860000000,-12.0199999996,7.0
127.790000000,-13.7200000007,7.0
133.560000000,-15.2400000002,7.0
140.510000000,-18.2899999991,7.0
147.260000000,-21.6999999993,7.0
154.550000000,-26.0199999996,7.0
161.570000000,-30.3399999999,7.0
167.510000000,-34.6500000004,7.0
175.610000000,-40.8599999994,7.0
178.580000000,-44.0999999996,7.0
183.710000000,-47.8800000008,7.0
187.75,-52.4700000007,7.0
192.340000000,-57.5999999996,7.0
194.230000000,-61.3800000008,7.0
195.850000000,-66.5099999998,7.0
198.010000000,-73.25,7.0
199.630000000,-77.8399999999,7.0
202.060000000,-82.6999999993,7.0
207.840000000,-84.5800000001,7.0
213.630000000,-86.3399999999,7.0
219.760000000,-84.2400000002,7.0
222.060000000,-78.4800000004,7.0
223.870000000,-72.3399999999,7.0
225.280000000,-66.5,7.0
230.470000000,-62.2699999996,7.0
236.660000000,-63.7200000007,7.0
242.660000000,-62.5399999991,7.0
248.090000000,-59.4499999993,7.0
253.220000000,-55.5700000003,7.0
258.570000000,-51.4700000007,7.0
268.740000000,-44.7300000004,7.0
274.430000000,-42.1400000006,7.0
278.004963975,-40.2708232232,7.0
278.004963975,15.9692273035,6.0
276.530000000,15.0399999991,6.0
-29.0050000000,-235.952118320,9.0
-26.9200000000,-233.699999999,9.0
-23.2700000000,-230.189999999,9.0
-18.5800000000,-225.5,9.0
-14.8600000000,-221.0,9.0
-11.5300000000,-216.689999999,9.0
-6.34999999998,-207.789999999,9.0
-4.64000000001,-202.119999999,9.0
-5.07999999996,-196.640000001,9.0
-6.03000000003,-191.430000000,9.0
-7.32999999996,-185.880000001,9.0
-9.18999999994,-180.689999999,9.0
-11.1400000000,-175.510000000,9.0
-12.9000000000,-170.330000000,9.0
-15.0600000001,-164.550000001,9.0
-16.9100000000,-158.490000000,9.0
-18.9700000000,-153.109999999,9.0
-20.8500000000,-148.270000000,9.0
-23.8500000000,-141.670000000,9.0
-26.5,-136.380000001,9.0
-28.75,-130.810000001,9.0
-29.0050000000,-130.043551137,9.0
278.004963975,-177.940771768,4.0
275.240000000,-179.029999999,4.0
270.220000000,-181.170000000,4.0
264.930000000,-182.119999999,4.0
259.760000000,-182.740000000,4.0
254.330000000,-183.420000000,4.0
249.260000000,-184.340000000,4.0
244.150000000,-184.460000001,4.0
239.050000000,-184.0,4.0
234.170000000,-182.359999999,4.0
232.280000000,-182.439999999,4.0
225.930000000,-183.869999999,4.0
222.060000000,-186.550000001,4.0
218.530000000,-189.350000000,4.0
215.290000000,-192.880000001,4.0
211.470000000,-197.010000000,4.0
207.570000000,-200.710000001,4.0
203.660000000,-204.510000000,4.0
200.100000000,-208.590000000,4.0
195.860000000,-211.730000000,4.0
191.120000000,-215.220000001,4.0
181.730000000,-220.850000000,4.0
176.880000000,-223.119999999,4.0
176.880000000,-223.100000000,4.0
172.680000000,-226.039999999,4.0
168.240000000,-229.150000000,4.0
164.480000000,-232.680000000,4.0
161.270000000,-236.660000000,4.0
157.550000000,-241.260000000,4.0
154.290000000,-245.340000000,4.0
151.860000000,-248.820000000,4.0
148.540000000,-252.960000001,4.0
144.670000000,-256.420000000,4.0
140.240000000,-260.570000000,4.0
136.510000000,-264.439999999,4.0
131.950000000,-268.449999999,4.0
128.490000000,-271.350000000,4.0
125.040000000,-274.109999999,4.0
122.130000000,-276.320000000,4.0
119.370000000,-278.949999999,4.0
117.300000000,-280.75,4.0
114.390000000,-282.960000001,4.0
111.490000000,-285.170000000,4.0
108.860000000,-286.970000001,4.0
106.100000000,-288.080000000,4.0
101.120000000,-288.900000000,4.0
96.7000000000,-288.630000001,4.0
93.1000000000,-287.660000000,4.0
90.0600000001,-286.420000000,4.0
87.3000000000,-284.340000000,4.0
84.2600000000,-281.850000000,4.0
80.8000000000,-278.810000001,4.0
77.7600000000,-275.910000000,4.0
75.1300000000,-273.420000000,4.0
72.0900000000,-271.619999999,4.0
68.2200000000,-270.100000000,4.0
63.6600000000,-269.550000001,4.0
58.9600000000,-268.859999999,4.0
53.8100000001,-267.570000000,4.0
49.3900000000,-265.140000001,4.0
44.2400000000,-263.779999999,4.0
39.0400000000,-263.439999999,4.0
34.2200000000,-264.439999999,4.0
30.0699999999,-267.75,4.0
27.1700000000,-271.619999999,4.0
24.6800000001,-276.600000000,4.0
22.4700000000,-281.850000000,4.0
19.2900000000,-286.279999999,4.0
16.1598623387,-290.151962194,4.0
-29.0050000000,-44.0175415899,4.0
-23.7600000000,-42.3499999996,4.0
-18.3000000000,-42.2100000009,4.0
-12.9399999999,-43.8399999999,4.0
-10.6500000000,-43.1500000004,4.0
-5.59999999998,-41.5700000003,4.0
-0.890000000014,-39.4100000001,4.0
4.38000000000,-38.2100000009,4.0
4.09999999998,-36.4000000004,4.0
2.72999999998,-31.5,4.0
0.0699999999488,-27.0,4.0
-4.93999999994,-23.8599999994,4.0
-10.1200000000,-20.9000000004,4.0
-10.3900000000,-17.7899999991,4.0
-10.0900000000,-12.4299999997,4.0
-10.5500000000,-6.76999999955,4.0
-12.8199999999,-2.08000000007,4.0
-12.9500000000,3.05000000075,4.0
-8.67000000004,5.92999999970,4.0
139.080437962,-290.151962194,3.0
140.240000000,-289.320000000,3.0
143.640000000,-287.279999999,3.0
147.710000000,-284.619999999,3.0
151.860000000,-280.470000001,3.0
154.960000000,-275.640000001,3.0
155.240000000,-275.189999999,3.0
156.680000000,-270.199999999,3.0
157.110000000,-265.680000000,3.0
155.450000000,-263.75,3.0
153.550000000,-264.359999999,3.0
151.710000000,-265.760000000,3.0
150.040000000,-266.939999999,3.0
148.810000000,-268.029999999,3.0
144.280000000,-271.800000001,3.0
139.830000000,-274.939999999,3.0
134.710000000,-277.980000000,3.0
130.230000000,-280.970000001,3.0
126.280000000,-283.510000000,3.0
122.0,-286.689999999,3.0
116.740000000,-289.869999999,3.0
116.378217625,-290.151962194,3.0
148.775997656,-290.151962194,2.0
149.230000000,-289.460000001,2.0
152.410000000,-284.900000000,2.0
155.040000000,-280.470000001,2.0
156.690000000,-277.020000000,2.0
157.040000000,-275.640000001,2.0
158.360000000,-270.199999999,2.0
159.040000000,-266.230000000,2.0
158.630000000,-262.640000001,2.0
155.320000000,-261.930000000,2.0
148.890000000,-265.920000000,2.0
143.150000000,-270.100000000,2.0
138.860000000,-272.869999999,2.0
133.620000000,-275.850000000,2.0
129.290000000,-279.330000000,2.0
125.180000000,-281.850000000,2.0
120.200000000,-285.310000001,2.0
116.190000000,-288.080000000,2.0
113.543068297,-290.151962194,2.0
69.3600000000,-107.810000001,14.0
68.3300000000,-105.320000000,14.0
67.7100000000,-103.039999999,14.0
66.8800000000,-100.350000000,14.0
66.25,-98.2699999996,14.0
65.8400000000,-94.3300000001,14.0
65.4200000000,-89.5700000003,14.0
65.2200000000,-86.25,14.0
65.6300000000,-82.0999999996,14.0
66.0500000000,-78.7899999991,14.0
66.6400000000,-75.9199999999,14.0
67.6000000000,-71.8499999996,14.0
68.5600000001,-67.5299999993,14.0
69.5100000000,-63.5800000001,14.0
70.2300000000,-59.9800000004,14.0
71.3100000001,-55.5399999991,14.0
72.2700000000,-52.1899999995,14.0
73.7100000000,-47.8699999992,14.0
74.9100000000,-44.9900000002,14.0
75.8700000000,-42.3599999994,14.0
77.3100000001,-40.4399999995,14.0
79.3500000000,-38.8800000008,14.0
83.7800000000,-37.0800000001,14.0
88.4600000000,-36.4800000004,14.0
93.3700000000,-36.1199999992,14.0
98.5300000000,-35.7599999998,14.0
104.520000000,-35.0399999991,14.0
109.190000000,-34.4399999995,14.0
112.670000000,-33.9700000007,14.0
116.870000000,-33.8499999996,14.0
125.740000000,-35.0399999991,14.0
130.650000000,-37.3200000003,14.0
134.970000000,-39.7200000007,14.0
138.690000000,-42.8399999999,14.0
141.440000000,-45.1099999994,14.0
144.560000000,-47.75,14.0
148.040000000,-50.3900000006,14.0
151.270000000,-54.4600000009,14.0
153.790000000,-58.4199999999,14.0
156.190000000,-63.2200000007,14.0
158.110000000,-68.3699999992,14.0
159.180000000,-73.6500000004,14.0
160.5,-79.1600000001,14.0
161.140000000,-84.6500000004,14.0
162.130000000,-89.5800000001,14.0
164.440000000,-94.1899999995,14.0
166.380000000,-99.0600000005,14.0
168.180000000,-103.609999999,14.0
169.370000000,-108.529999999,14.0
169.850000000,-113.680000000,14.0
169.970000000,-119.080000000,14.0
169.850000000,-124.350000000,14.0
169.610000000,-129.630000001,14.0
169.410000000,-135.140000001,14.0
169.720000000,-140.520000000,14.0
170.010000000,-145.590000000,14.0
172.010000000,-150.490000000,14.0
173.330000000,-153.960000001,14.0
174.770000000,-158.279999999,14.0
176.690000000,-163.430000000,14.0
178.610000000,-170.270000000,14.0
179.680000000,-174.939999999,14.0
180.590000000,-180.130000001,14.0
181.0,-184.170000000,14.0
184.960000000,-189.210000001,14.0
183.280000000,-193.520000000,14.0
180.880000000,-197.480000000,14.0
178.010000000,-200.480000000,14.0
175.850000000,-202.869999999,14.0
172.25,-205.150000000,14.0
170.640000000,-206.240000000,14.0
169.730000000,-206.830000000,14.0
167.700000000,-208.270000000,14.0
163.840000000,-209.960000001,14.0
159.900000000,-211.510000000,14.0
156.910000000,-212.710000001,14.0
155.390000000,-213.869999999,14.0
153.600000000,-216.460000001,14.0
151.910000000,-219.039999999,14.0
150.320000000,-221.730000000,14.0
149.130000000,-224.310000001,14.0
147.630000000,-226.300000001,14.0
146.540000000,-228.289999999,14.0
145.25,-230.180000000,14.0
142.660000000,-235.949999999,14.0
140.570000000,-239.529999999,14.0
139.080000000,-242.710000001,14.0
136.490000000,-247.789999999,14.0
133.510000000,-253.060000001,14.0
115.460000000,-267.710000001,13.0
111.830000000,-267.949999999,13.0
107.480000000,-268.439999999,13.0
102.880000000,-268.680000000,13.0
96.3500000000,-268.439999999,13.0
91.0300000000,-266.020000000,13.0
86.9100000000,-262.869999999,13.0
84.0100000000,-258.520000000,13.0
81.5900000000,-254.890000001,13.0
79.1700000000,-251.5,13.0
76.2700000000,-246.900000000,13.0
74.5699999999,-241.820000000,13.0
73.75,-236.75,13.0
73.7300000000,-233.600000000,13.0
74.0699999999,-230.400000000,13.0
75.0600000001,-224.890000001,13.0
76.75,-220.050000001,13.0
79.1700000000,-215.689999999,13.0
83.0400000000,-209.890000001,13.0
87.4000000000,-205.289999999,13.0
91.2700000000,-199.970000001,13.0
94.1700000000,-194.160000000,13.0
94.6600000000,-186.420000000,13.0
94.1700000000,-179.640000001,13.0
93.4700000000,-177.770000000,13.0
91.4900000000,-174.779999999,13.0
88.1200000000,-169.720000001,13.0
85.7000000000,-165.130000001,13.0
85.4399999999,-163.890000001,13.0
82.9900000000,-157.710000001,13.0
80.9700000000,-151.100000000,13.0
79.8000000000,-145.460000001,13.0
78.7300000000,-139.699999999,13.0
77.6600000000,-133.310000001,13.0
76.8100000001,-129.680000000,13.0
75.8500000000,-124.680000000,13.0
74.6800000001,-119.560000001,13.0
73.0800000000,-115.939999999,13.0
70.2000000000,-111.570000000,13.0
68.1400000000,-108.310000001,13.0
67.0800000000,-105.109999999,13.0
65.8400000000,-101.800000001,13.0
65.0100000000,-98.6899999995,13.0
64.3900000000,-95.1600000001,13.0
64.1800000001,-90.5999999996,13.0
64.1800000001,-87.0800000001,13.0
64.3900000000,-82.3100000005,13.0
65.0800000000,-76.7599999998,13.0
65.9200000000,-72.6899999995,13.0
66.8800000000,-68.8499999996,13.0
67.8400000000,-65.0099999998,13.0
69.7600000000,-57.0299999993,13.0
70.9500000000,-53.1500000004,13.0
71.7900000000,-50.1500000004,13.0
73.1100000000,-45.3499999996,13.0
74.1899999999,-42.8399999999,13.0
75.2700000000,-40.9199999999,13.0
77.0699999999,-38.8800000008,13.0
78.9900000000,-37.5600000005,13.0
82.5800000000,-35.6400000006,13.0
87.3800000000,-34.3200000003,13.0
93.0100000000,-33.25,13.0
98.7700000000,-32.5299999993,13.0
105.0,-31.8100000005,13.0
110.150000000,-31.0899999999,13.0
113.510000000,-30.9700000007,13.0
117.230000000,-30.9700000007,13.0
121.900000000,-31.8100000005,13.0
127.180000000,-33.6099999994,13.0
130.890000000,-35.1600000001,13.0
135.090000000,-36.9600000009,13.0
139.280000000,-39.2400000002,13.0
142.880000000,-41.8800000008,13.0
146.240000000,-44.5099999998,13.0
149.950000000,-47.5099999998,13.0
153.190000000,-50.6300000008,13.0
156.070000000,-53.9900000002,13.0
158.230000000,-57.6999999993,13.0
160.5,-62.9800000004,13.0
162.180000000,-68.6099999994,13.0
163.5,-73.6500000004,13.0
164.820000000,-79.2799999993,13.0
166.130000000,-85.2599999998,13.0
167.390000000,-90.7699999996,13.0
168.770000000,-95.6999999993,13.0
170.330000000,-101.939999999,13.0
171.370000000,-108.340000000,13.0
171.75,-113.430000000,13.0
172.020000000,-119.260000000,13.0
172.260000000,-124.590000000,13.0
171.990000000,-129.75,13.0
171.690000000,-135.380000001,13.0
171.780000000,-140.460000001,13.0
172.720000000,-145.400000000,13.0
175.130000000,-150.730000000,13.0
177.050000000,-155.279999999,13.0
178.960000000,-160.320000000,13.0
180.400000000,-165.830000000,13.0
182.200000000,-172.310000001,13.0
185.200000000,-178.180000000,13.0
186.880000000,-181.060000001,13.0
190.830000000,-184.410000000,13.0
189.990000000,-187.890000001,13.0
188.700000000,-188.830000000,13.0
186.840000000,-190.180000000,13.0
186.520000000,-195.199999999,13.0
184.120000000,-198.199999999,13.0
180.520000000,-201.439999999,13.0
176.210000000,-204.789999999,13.0
171.650000000,-207.789999999,13.0
168.660000000,-209.590000000,13.0
164.460000000,-211.75,13.0
160.620000000,-213.180000000,13.0
157.630000000,-214.380000001,13.0
157.080000000,-215.160000000,13.0
153.800000000,-218.150000000,13.0
152.010000000,-220.439999999,13.0
150.720000000,-222.820000000,13.0
149.220000000,-225.010000000,13.0
147.830000000,-227.0,13.0
146.840000000,-228.689999999,13.0
145.540000000,-231.279999999,13.0
143.950000000,-234.760000000,13.0
142.360000000,-238.340000000,13.0
140.070000000,-242.410000000,13.0
138.190000000,-245.900000000,13.0
135.800000000,-250.170000000,13.0
134.110000000,-253.75,13.0
67.0800000000,-108.640000001,12.0
65.6300000000,-105.529999999,12.0
64.6000000000,-102.420000000,12.0
63.7700000000,-98.6899999995,12.0
63.1400000000,-95.3699999992,12.0
62.7300000000,-91.8499999996,12.0
62.7300000000,-88.3200000003,12.0
62.9399999999,-84.3800000008,12.0
62.9399999999,-80.0299999993,12.0
63.8800000000,-75.1999999993,12.0
64.7200000000,-71.1300000008,12.0
65.6800000001,-67.4100000001,12.0
67.0,-62.3800000008,12.0
68.0800000000,-58.6600000001,12.0
69.1600000000,-54.4600000009,12.0
69.9900000000,-51.1099999994,12.0
70.9500000000,-47.2699999996,12.0
72.1500000000,-43.6799999997,12.0
73.1100000000,-41.1600000001,12.0
75.3900000000,-37.9199999999,12.0
77.6700000000,-36.3599999994,12.0
81.0200000000,-34.4399999995,12.0
86.4200000000,-31.9299999997,12.0
91.2100000000,-30.6099999994,12.0
96.1300000000,-29.7699999996,12.0
102.360000000,-28.8100000005,12.0
109.430000000,-28.2100000009,12.0
113.030000000,-28.3300000001,12.0
117.710000000,-28.8100000005,12.0
122.740000000,-29.8900000006,12.0
126.940000000,-31.4499999993,12.0
131.490000000,-33.0099999998,12.0
136.410000000,-34.8000000007,12.0
140.840000000,-37.4399999995,12.0
144.920000000,-39.9600000009,12.0
148.990000000,-42.8399999999,12.0
153.070000000,-45.7100000009,12.0
156.910000000,-48.9499999993,12.0
161.700000000,-55.7799999993,12.0
163.5,-59.9800000004,12.0
165.060000000,-65.1300000008,12.0
166.5,-69.9299999997,12.0
168.300000000,-75.3200000003,12.0
169.610000000,-79.5199999996,12.0
170.330000000,-84.1899999995,12.0
171.170000000,-90.5500000007,12.0
172.050000000,-99.1300000008,12.0
172.610000000,-105.650000000,12.0
173.090000000,-110.570000000,12.0
173.930000000,-116.320000000,12.0
174.300000000,-122.5,12.0
175.060000000,-128.480000000,12.0
175.850000000,-133.580000000,12.0
176.450000000,-137.900000000,12.0
177.050000000,-143.770000000,12.0
177.770000000,-149.080000000,12.0
179.320000000,-153.010000000,12.0
180.640000000,-157.080000000,12.0
181.960000000,-160.920000000,12.0
184.0,-164.510000000,12.0
185.320000000,-167.510000000,12.0
187.970000000,-168.890000001,12.0
190.950000000,-168.830000000,12.0
193.120000000,-172.199999999,12.0
193.350000000,-174.580000000,12.0
196.590000000,-176.980000000,12.0
198.390000000,-178.300000001,12.0
199.110000000,-181.880000001,12.0
195.360000000,-186.730000000,12.0
192.070000000,-189.930000000,12.0
188.790000000,-192.590000000,12.0
188.210000000,-195.350000000,12.0
185.200000000,-200.119999999,12.0
181.240000000,-203.710000001,12.0
177.410000000,-206.230000000,12.0
174.170000000,-208.510000000,12.0
171.800000000,-209.880000001,12.0
170.450000000,-210.670000000,12.0
165.840000000,-212.840000000,12.0
163.260000000,-214.020000000,12.0
158.590000000,-216.060000001,12.0
157.480000000,-216.949999999,12.0
154.200000000,-219.640000001,12.0
152.900000000,-220.529999999,12.0
151.610000000,-222.520000000,12.0
150.920000000,-223.920000000,12.0
148.330000000,-227.300000001,12.0
146.840000000,-230.680000000,12.0
145.540000000,-233.560000001,12.0
143.660000000,-237.140000001,12.0
141.770000000,-241.220000001,12.0
140.170000000,-244.010000000,12.0
136.590000000,-250.670000000,12.0
134.800000000,-254.449999999,12.0
154.910000000,-136.810000001,19.0
152.220000000,-136.810000001,19.0
151.860000000,-132.150000000,19.0
150.970000000,-124.619999999,19.0
150.070000000,-116.369999999,19.0
149.530000000,-109.920000000,19.0
148.460000000,-101.850000000,19.0
147.920000000,-96.8300000001,19.0
146.130000000,-89.4800000004,19.0
143.440000000,-82.8499999996,19.0
140.030000000,-74.4199999999,19.0
136.630000000,-69.4000000004,19.0
132.680000000,-64.7400000002,19.0
127.480000000,-61.3399999999,19.0
119.240000000,-58.8300000001,19.0
112.420000000,-56.8499999996,19.0
107.580000000,-56.4900000002,19.0
106.150000000,-54.6999999993,19.0
101.850000000,-54.6999999993,19.0
97.3600000000,-55.9600000009,19.0
92.7000000000,-57.9299999997,19.0
88.5800000000,-62.2300000004,19.0
84.9900000000,-68.3300000001,19.0
83.5600000001,-74.2400000002,19.0
81.9500000000,-81.2300000004,19.0
80.6899999999,-86.4299999997,19.0
79.6200000000,-92.8900000006,19.0
79.6200000000,-99.3399999999,19.0
80.5100000000,-105.260000000,19.0
81.5900000000,-110.100000000,19.0
83.0200000000,-115.660000000,19.0
84.8100000001,-121.75,19.0
85.5300000000,-126.770000000,19.0
87.5,-132.689999999,19.0
88.9399999999,-137.529999999,19.0
91.0900000000,-142.910000000,19.0
94.3199999999,-148.640000001,19.0
98.3400000000,-154.529999999,19.0
100.950000000,-158.320000000,19.0
103.640000000,-162.980000000,19.0
111.710000000,-169.619999999,19.0
116.730000000,-171.949999999,19.0
121.390000000,-173.560000001,19.0
127.300000000,-175.350000000,19.0
132.860000000,-176.430000000,19.0
138.950000000,-176.859999999,19.0
143.980000000,-175.890000001,19.0
149.130000000,-173.890000001,19.0
153.010000000,-169.960000001,19.0
155.070000000,-165.020000000,19.0
155.180000000,-159.960000001,19.0
154.830000000,-154.320000000,19.0
154.720000000,-149.320000000,19.0
155.010000000,-143.740000000,19.0
154.910000000,-136.810000001,19.0
80.3300000000,-69.2200000007,18.0
79.0800000000,-76.5700000003,18.0
78.0,-84.6400000006,18.0
77.2800000000,-91.8100000005,18.0
76.9300000001,-99.1600000001,18.0
77.8199999999,-104.539999999,18.0
79.2600000000,-109.740000000,18.0
80.6899999999,-114.220000001,18.0
82.4800000000,-120.140000001,18.0
83.7400000000,-125.699999999,18.0
85.3500000000,-131.430000000,18.0
86.7900000000,-136.270000000,18.0
88.4000000000,-141.470000001,18.0
90.9100000000,-147.390000001,18.0
93.6000000000,-152.949999999,18.0
96.2900000000,-156.710000001,18.0
98.9800000000,-161.550000001,18.0
101.850000000,-165.140000001,18.0
105.790000000,-168.720000001,18.0
109.730000000,-172.490000000,18.0
113.320000000,-177.150000000,18.0
117.260000000,-180.730000000,18.0
122.080000000,-183.580000000,18.0
127.280000000,-183.529999999,18.0
133.070000000,-182.630000001,18.0
138.470000000,-181.699999999,18.0
143.620000000,-180.550000001,18.0
148.710000000,-178.960000001,18.0
153.840000000,-176.609999999,18.0
157.420000000,-173.199999999,18.0
159.390000000,-168.359999999,18.0
159.390000000,-163.880000001,18.0
158.730000000,-159.039999999,18.0
158.070000000,-154.060000001,18.0
158.040000000,-148.789999999,18.0
157.960000000,-141.650000000,18.0
157.780000000,-136.449999999,18.0
157.710000000,-132.840000000,18.0
157.890000000,-130.420000000,18.0
155.810000000,-130.359999999,18.0
155.810000000,-124.980000000,18.0
155.090000000,-117.810000001,18.0
154.020000000,-111.170000000,18.0
153.300000000,-103.289999999,18.0
152.040000000,-93.7799999993,18.0
149.350000000,-83.9199999999,18.0
145.230000000,-74.4199999999,18.0
137.340000000,-63.3100000005,18.0
137.880000000,-61.8699999992,18.0
132.5,-58.6500000004,18.0
127.660000000,-56.1400000006,18.0
122.100000000,-53.6300000008,18.0
116.730000000,-51.8300000001,18.0
110.990000000,-50.4000000004,18.0
104.360000000,-49.6799999997,18.0
95.9300000001,-50.7599999998,18.0
89.8300000000,-53.4499999993,18.0
84.9900000000,-57.75,18.0
81.4100000000,-64.3800000008,18.0
80.3300000000,-69.2200000007,18.0
76.2100000000,-69.5800000001,17.0
75.3100000001,-73.7100000009,17.0
74.7800000000,-79.4399999995,17.0
73.8800000000,-85.0,17.0
73.7000000000,-91.0999999996,17.0
73.7000000000,-96.4700000007,17.0
74.4200000000,-100.960000001,17.0
75.6700000000,-106.150000000,17.0
77.1100000000,-109.740000000,17.0
78.5400000000,-114.400000000,17.0
79.7900000000,-118.699999999,17.0
81.2300000000,-123.359999999,17.0
82.4800000000,-128.380000001,17.0
85.5300000000,-140.220000001,17.0
87.3199999999,-145.240000000,17.0
89.1200000000,-150.789999999,17.0
91.8100000001,-155.460000001,17.0
94.6700000000,-159.400000000,17.0
98.2600000000,-164.600000000,17.0
102.030000000,-168.180000000,17.0
105.970000000,-173.020000000,17.0
108.480000000,-178.039999999,17.0
109.910000000,-182.529999999,17.0
111.170000000,-187.010000000,17.0
112.600000000,-193.460000001,17.0
114.600000000,-199.359999999,17.0
116.850000000,-204.119999999,17.0
120.150000000,-208.359999999,17.0
124.390000000,-211.400000000,17.0
129.570000000,-210.850000000,17.0
134.610000000,-207.060000001,17.0
139.870000000,-205.859999999,17.0
144.730000000,-203.410000000,17.0
148.760000000,-199.920000000,17.0
150.240000000,-195.050000001,17.0
149.920000000,-189.660000000,17.0
151.640000000,-184.529999999,17.0
155.440000000,-181.230000000,17.0
159.910000000,-178.340000000,17.0
162.370000000,-173.890000001,17.0
163.520000000,-168.180000000,17.0
163.0,-162.960000001,17.0
162.260000000,-156.529999999,17.0
161.540000000,-151.869999999,17.0
161.010000000,-145.420000000,17.0
161.0,-140.550000001,17.0
161.330000000,-135.270000000,17.0
161.900000000,-130.0,17.0
162.350000000,-124.859999999,17.0
160.060000000,-124.760000000,17.0
159.210000000,-119.960000001,17.0
158.680000000,-114.220000001,17.0
157.820000000,-108.760000000,17.0
156.880000000,-102.210000001,17.0
155.630000000,-96.6500000004,17.0
154.020000000,-90.5600000005,17.0
151.860000000,-82.1300000008,17.0
149.0,-74.2400000002,17.0
145.770000000,-67.7899999991,17.0
143.260000000,-64.9199999999,17.0
143.620000000,-62.7699999996,17.0
142.0,-59.9000000004,17.0
137.340000000,-55.5999999996,17.0
131.960000000,-52.1899999995,17.0
126.410000000,-49.6799999997,17.0
119.590000000,-47.1699999999,17.0
108.120000000,-45.3800000008,17.0
95.2100000000,-45.9199999999,17.0
89.3000000000,-48.25,17.0
84.1000000000,-50.9399999995,17.0
80.6899999999,-55.9600000009,17.0
77.6400000000,-62.0500000007,17.0
76.2100000000,-69.5800000001,17.0
114.75,-80.5099999998,23.0
112.210000000,-85.1300000008,23.0
112.620000000,-90.3000000007,23.0
115.390000000,-95.0899999999,23.0
118.070000000,-99.5999999996,23.0
122.180000000,-103.279999999,23.0
125.660000000,-106.980000000,23.0
130.860000000,-106.850000000,23.0
134.290000000,-101.670000000,23.0
135.730000000,-99.5199999996,23.0
134.670000000,-93.5099999998,23.0
134.440000000,-93.2400000002,23.0
131.040000000,-87.8000000007,23.0
130.150000000,-86.4299999997,23.0
126.700000000,-81.8499999996,23.0
123.510000000,-77.9900000002,23.0
119.410000000,-78.3699999992,23.0
114.75,-80.5099999998,23.0
110.490000000,-81.7699999996,22.0
105.25,-83.4499999993,22.0
99.7100000000,-83.3599999994,22.0
93.9000000000,-83.1600000001,22.0
88.4000000000,-86.7899999991,22.0
86.9700000000,-90.9199999999,22.0
86.6100000000,-97.1899999995,22.0
86.4300000001,-102.930000000,22.0
86.7900000000,-108.660000000,22.0
89.3000000000,-113.680000000,22.0
93.2300000000,-116.330000000,22.0
97.1800000001,-119.060000001,22.0
99.2600000000,-123.359999999,22.0
100.470000000,-128.359999999,22.0
103.370000000,-132.960000001,22.0
106.370000000,-137.210000001,22.0
109.380000000,-141.439999999,22.0
113.180000000,-144.710000001,22.0
118.220000000,-147.160000000,22.0
123.620000000,-148.970000001,22.0
128.710000000,-146.279999999,22.0
132.130000000,-142.160000000,22.0
134.510000000,-137.760000000,22.0
137.140000000,-133.279999999,22.0
136.630000000,-123.359999999,22.0
134.470000000,-119.240000000,22.0
132.430000000,-114.070000000,22.0
132.230000000,-108.320000000,22.0
134.770000000,-103.730000000,22.0
138.140000000,-99.5299999993,22.0
137.320000000,-94.2899999991,22.0
136.720000000,-93.2400000002,22.0
133.480000000,-87.8000000007,22.0
131.600000000,-85.1500000004,22.0
128.630000000,-80.8100000005,22.0
125.170000000,-76.75,22.0
119.820000000,-75.9299999997,22.0
114.900000000,-77.75,22.0
110.490000000,-81.7699999996,22.0
118.290000000,-72.2799999993,21.0
113.080000000,-72.8300000001,21.0
107.810000000,-74.2400000002,21.0
102.040000000,-75.5899999999,21.0
96.9900000000,-76.5800000001,21.0
92.3500000000,-79.3399999999,21.0
88.4000000000,-82.8499999996,21.0
85.5300000000,-88.0500000007,21.0
84.6400000000,-93.7799999993,21.0
84.6400000000,-99.1600000001,21.0
84.2800000000,-105.439999999,21.0
85.4100000000,-111.430000000,21.0
87.8199999999,-116.070000000,21.0
91.5600000001,-119.490000000,21.0
95.6800000001,-122.869999999,21.0
96.8900000000,-129.0,21.0
101.960000000,-138.430000000,21.0
104.210000000,-143.590000000,21.0
105.030000000,-148.609999999,21.0
107.620000000,-153.439999999,21.0
110.730000000,-157.470000001,21.0
114.760000000,-160.650000000,21.0
119.990000000,-162.539999999,21.0
126.020000000,-162.25,21.0
131.180000000,-161.070000000,21.0
136.150000000,-158.75,21.0
140.430000000,-154.930000000,21.0
141.440000000,-149.930000000,21.0
139.950000000,-144.990000000,21.0
140.440000000,-139.990000000,21.0
140.840000000,-134.720000001,21.0
141.320000000,-129.390000001,21.0
140.650000000,-124.039999999,21.0
137.490000000,-119.600000000,21.0
135.0,-115.180000000,21.0
134.080000000,-110.210000001,21.0
135.990000000,-105.260000000,21.0
139.450000000,-101.369999999,21.0
140.470000000,-96.1300000008,21.0
138.780000000,-90.0199999996,21.0
136.280000000,-85.5,21.0
132.350000000,-81.0,21.0
128.850000000,-77.0899999999,21.0
121.950000000,-72.4900000002,21.0
118.290000000,-72.2799999993,21.0
278.004963975,-53.6779758331,9.0
275.480000000,-55.1699999999,9.0
270.890000000,-58.4100000001,9.0
266.310000000,-60.8399999999,9.0
261.450000000,-64.8900000006,9.0
255.780000000,-69.2100000009,9.0
252.030000000,-71.9399999995,9.0
246.010000000,-74.4199999999,9.0
240.790000000,-77.7799999993,9.0
236.070000000,-83.2400000002,9.0
231.480000000,-89.7200000007,9.0
226.630000000,-94.0399999991,9.0
219.340000000,-95.9299999997,9.0
213.670000000,-95.9299999997,9.0
207.460000000,-96.1999999993,9.0
201.790000000,-95.1199999992,9.0
190.720000000,-92.1500000004,9.0
184.780000000,-91.6999999993,9.0
179.870000000,-87.6099999994,9.0
179.120000000,-79.1899999995,9.0
178.580000000,-73.5199999996,9.0
178.310000000,-67.8599999994,9.0
177.230000000,-60.5700000003,9.0
175.880000000,-54.9000000004,9.0
173.180000000,-49.5,9.0
168.320000000,-45.4499999993,9.0
162.650000000,-41.6699999999,9.0
156.980000000,-37.8900000006,9.0
151.040000000,-33.8399999999,9.0
144.830000000,-29.8000000007,9.0
136.610000000,-26.4299999997,9.0
127.960000000,-23.7200000007,9.0
120.840000000,-21.6899999995,9.0
114.050000000,-19.9900000002,9.0
105.230000000,-18.4600000009,9.0
98.6200000000,-18.2899999991,9.0
92.0100000000,-19.3100000005,9.0
86.9200000000,-20.6699999999,9.0
80.6400000000,-23.2100000009,9.0
74.7100000000,-26.9399999995,9.0
70.8100000001,-31.5199999996,9.0
68.2600000000,-37.4600000009,9.0
66.7400000000,-43.9000000004,9.0
65.5500000000,-48.6500000004,9.0
63.5100000000,-55.9399999995,9.0
61.6500000000,-63.0700000003,9.0
59.9500000000,-69.3399999999,9.0
58.4300000001,-76.8100000005,9.0
57.4100000000,-83.9299999997,9.0
56.9000000000,-90.7100000009,9.0
57.7300000000,-96.3200000003,9.0
58.9200000000,-100.619999999,9.0
60.3600000000,-105.640000001,9.0
62.2700000000,-108.740000000,9.0
65.1300000000,-112.320000000,9.0
68.2400000000,-117.340000000,9.0
70.6200000000,-120.680000000,9.0
72.3000000000,-125.220000001,9.0
73.25,-130.710000001,9.0
74.2100000000,-135.960000001,9.0
74.3600000000,-140.660000000,9.0
75.1100000000,-150.570000000,9.0
76.2800000000,-162.400000000,9.0
76.3900000000,-175.400000000,9.0
76.3900000000,-189.570000000,9.0
76.0699999999,-192.560000001,9.0
73.0800000000,-198.520000000,9.0
69.5699999999,-205.770000000,9.0
66.7900000000,-213.550000001,9.0
64.4500000000,-222.180000000,9.0
278.004963975,-180.830249315,3.0
274.200000000,-182.600000000,3.0
270.190000000,-184.529999999,3.0
266.130000000,-185.580000000,3.0
262.030000000,-187.160000000,3.0
256.920000000,-187.990000000,3.0
252.360000000,-189.230000000,3.0
247.380000000,-190.060000001,3.0
242.400000000,-190.890000001,3.0
236.760000000,-191.340000000,3.0
231.640000000,-190.960000001,3.0
226.360000000,-191.020000000,3.0
224.630000000,-191.140000001,3.0
219.860000000,-194.039999999,3.0
216.140000000,-197.109999999,3.0
212.270000000,-200.160000000,3.0
208.260000000,-203.75,3.0
200.520000000,-210.939999999,3.0
195.260000000,-214.390000001,3.0
190.290000000,-218.130000001,3.0
186.0,-221.029999999,3.0
181.310000000,-223.430000000,3.0
177.430000000,-225.730000000,3.0
172.320000000,-229.320000000,3.0
168.0,-233.210000001,3.0
164.630000000,-236.910000000,3.0
161.170000000,-240.930000000,3.0
158.0,-245.130000001,3.0
154.450000000,-248.970000001,3.0
151.160000000,-252.960000001,3.0
146.880000000,-256.689999999,3.0
144.110000000,-259.460000001,3.0
141.070000000,-262.220000001,3.0
138.450000000,-264.710000001,3.0
135.680000000,-267.890000001,3.0
131.950000000,-270.800000001,3.0
128.220000000,-273.840000000,3.0
124.070000000,-277.289999999,3.0
120.890000000,-280.060000001,3.0
117.850000000,-282.680000000,3.0
114.530000000,-285.029999999,3.0
111.210000000,-287.25,3.0
107.760000000,-289.460000001,3.0
106.030094515,-290.151962194,3.0
91.5119516734,-290.151962194,3.0
89.6500000000,-289.180000000,3.0
86.3300000000,-286.550000001,3.0
82.8800000000,-283.650000000,3.0
80.25,-280.75,3.0
77.3500000000,-277.710000001,3.0
73.6100000000,-275.080000000,3.0
70.9900000000,-273.150000000,3.0
67.1200000000,-272.320000000,3.0
61.4800000000,-271.660000000,3.0
56.0200000000,-270.660000000,3.0
51.8000000000,-269.689999999,3.0
278.004963975,-95.3919465716,14.0
276.210000000,-99.6500000004,14.0
274.860000000,-103.580000000,14.0
272.010000000,-109.010000000,14.0
268.920000000,-113.150000000,14.0
264.810000000,-117.130000001,14.0
259.980000000,-120.840000000,14.0
256.110000000,-124.130000001,14.0
254.920000000,-129.359999999,14.0
255.760000000,-134.590000000,14.0
257.110000000,-140.210000001,14.0
260.080000000,-144.340000000,14.0
264.320000000,-147.300000001,14.0
269.070000000,-149.029999999,14.0
272.490000000,-149.770000000,14.0
278.004963975,-151.637813111,14.0
132.320000000,-262.900000000,8.0
134.510000000,-260.320000000,8.0
136.690000000,-257.930000000,8.0
138.880000000,-255.150000000,8.0
140.660000000,-252.350000000,8.0
142.570000000,-249.410000000,8.0
145.370000000,-245.580000000,8.0
147.430000000,-242.050000001,8.0
150.080000000,-237.050000001,8.0
152.440000000,-232.189999999,8.0
154.200000000,-228.510000000,8.0
156.560000000,-225.710000001,8.0
159.360000000,-223.5,8.0
163.770000000,-221.0,8.0
168.340000000,-219.090000000,8.0
173.930000000,-216.439999999,8.0
178.050000000,-214.380000001,8.0
183.200000000,-212.020000000,8.0
187.910000000,-209.220000001,8.0
191.590000000,-205.990000000,8.0
194.830000000,-203.410000000,8.0
195.440000000,-201.310000001,8.0
198.560000000,-198.850000000,8.0
201.900000000,-196.710000001,8.0
204.990000000,-193.180000000,8.0
207.340000000,-190.970000001,8.0
209.930000000,-187.810000001,8.0
211.920000000,-185.350000000,8.0
213.160000000,-182.449999999,8.0
214.400000000,-179.970000001,8.0
215.440000000,-178.520000000,8.0
217.510000000,-176.660000000,8.0
219.780000000,-175.420000000,8.0
223.300000000,-174.380000001,8.0
227.230000000,-172.930000000,8.0
230.950000000,-171.490000000,8.0
235.300000000,-170.449999999,8.0
239.850000000,-169.420000000,8.0
246.060000000,-167.760000000,8.0
249.570000000,-166.939999999,8.0
253.710000000,-166.109999999,8.0
263.230000000,-165.070000000,8.0
267.570000000,-165.070000000,8.0
273.210000000,-165.460000001,8.0
277.510000000,-165.390000001,8.0
278.004963975,-165.384990244,8.0
133.010000000,-264.0,6.0
135.900000000,-261.210000001,6.0
139.080000000,-258.230000000,6.0
143.020000000,-253.680000000,6.0
146.400000000,-250.150000000,6.0
148.760000000,-247.060000001,6.0
151.260000000,-243.230000000,6.0
153.610000000,-239.840000000,6.0
155.230000000,-236.460000001,6.0
157.150000000,-233.369999999,6.0
160.240000000,-229.830000000,6.0
162.150000000,-227.619999999,6.0
165.540000000,-225.270000000,6.0
169.880000000,-222.920000000,6.0
170.960000000,-222.520000000,6.0
175.560000000,-220.359999999,6.0
178.790000000,-218.939999999,6.0
183.640000000,-216.439999999,6.0
187.620000000,-213.930000000,6.0
191.300000000,-211.580000000,6.0
194.390000000,-208.930000000,6.0
198.510000000,-205.689999999,6.0
202.190000000,-201.720000001,6.0
204.840000000,-198.480000000,6.0
207.340000000,-196.270000000,6.0
211.020000000,-192.740000000,6.0
213.530000000,-190.090000000,6.0
215.530000000,-187.060000001,6.0
217.300000000,-183.900000000,6.0
219.160000000,-181.210000001,6.0
221.850000000,-179.760000000,6.0
225.580000000,-178.930000000,6.0
230.130000000,-177.900000000,6.0
235.300000000,-176.660000000,6.0
239.020000000,-175.830000000,6.0
242.950000000,-175.210000001,6.0
249.370000000,-174.590000000,6.0
256.950000000,-173.570000000,6.0
260.540000000,-173.140000001,6.0
264.380000000,-172.810000001,6.0
270.970000000,-171.730000000,6.0
274.990000000,-171.180000000,6.0
278.004963975,-170.786438268,6.0
278.004963975,-153.063468890,13.0
274.850000000,-153.420000000,13.0
268.010000000,-153.810000001,13.0
261.610000000,-153.689999999,13.0
256.080000000,-153.5,13.0
251.230000000,-152.210000001,13.0
247.450000000,-148.529999999,13.0
245.540000000,-144.820000000,13.0
243.850000000,-139.990000000,13.0
243.180000000,-134.710000001,13.0
243.180000000,-128.300000001,13.0
244.870000000,-122.010000000,13.0
248.010000000,-117.180000000,13.0
252.060000000,-113.25,13.0
256.660000000,-109.090000000,13.0
260.930000000,-104.710000001,13.0
265.430000000,-99.8800000008,13.0
268.350000000,-93.9199999999,13.0
270.150000000,-88.75,13.0
272.390000000,-83.6999999993,13.0
275.090000000,-78.9800000004,13.0
278.004963975,-73.9686578237,13.0
278.004963975,-67.3379692243,12.0
277.790000000,-67.5199999996,12.0
271.940000000,-73.3599999994,12.0
269.470000000,-75.7200000007,12.0
267.560000000,-78.4199999999,12.0
265.880000000,-82.2400000002,12.0
263.880000000,-87.1799999997,12.0
261.270000000,-91.9000000004,12.0
258.010000000,-95.9399999995,12.0
253.880000000,-99.0999999996,12.0
249.810000000,-102.680000000,12.0
246.180000000,-106.910000000,12.0
242.620000000,-111.560000001,12.0
239.730000000,-115.100000000,12.0
236.270000000,-119.850000000,12.0
234.830000000,-124.75,12.0
234.080000000,-129.760000000,12.0
233.700000000,-135.0,12.0
232.820000000,-140.310000001,12.0
230.990000000,-142.580000000,12.0
232.240000000,-147.949999999,12.0
231.310000000,-149.609999999,12.0
230.150000000,-154.590000000,12.0
233.850000000,-158.640000001,12.0
238.240000000,-159.310000001,12.0
243.520000000,-158.770000000,12.0
248.790000000,-157.949999999,12.0
254.570000000,-157.060000001,12.0
259.580000000,-156.279999999,12.0
266.100000000,-156.050000001,12.0
273.630000000,-155.160000000,12.0
278.004963975,-154.571554554,12.0
